1 1 CHGB HLZ TW -- 5 100 0.939 3 0.6 0.03 3 0.9961 50000 0.01 0.0004
1 2 HGSD HLZ TW -- 5 100 0.939 3 0.6 0.03 2 0.9961 50000 0.05 0.0001
1 3 KMNB HLZ TW -- 5 100 0.939 3 0.6 0.03 3 0.9961 50000 0.004 0.00001
1 4 MATB HLZ TW -- 5 100 0.939 3 0.6 0.03 2 0.9961 50000 0.1 0.01
1 5 MASB HLZ TW -- 5 100 0.939 3 0.6 0.03 2 0.9961 50000 0.1 0.001
1 6 NACB HLZ TW -- 5 100 0.939 3 0.6 0.03 4 0.9961 50000 0.05 0.001
1 7 NNSB HLZ TW -- 5 100 0.939 3 0.6 0.03 2 0.9961 50000 0.005 0.0001
1 8 PHUB HLZ TW -- 5 100 0.939 3 0.6 0.03 2 0.9961 50000 0.007 0.0006
1 9 RLNB HLZ TW -- 5 100 0.939 3 0.6 0.03 5 0.9961 50000 0.1 0.01
1 10 SSLB HLZ TW -- 5 100 0.939 3 0.6 0.03 2 0.9961 50000 0.01 0.0001
1 11 TDCB HLZ TW -- 5 100 0.939 3 0.6 0.03 2 0.9961 50000 0.1 0.01
1 12 TPUB HLZ TW -- 5 100 0.939 3 0.6 0.03 2 0.9961 50000 0.02 0.001
1 13 TWGB HLZ TW -- 5 100 0.939 3 0.6 0.03 2 0.9961 50000 0.1 0.001
1 14 TWKB HLZ TW -- 4 100 0.939 3 0.6 0.03 2 0.9961 50000 0.005 0.0005
1 15 YHNB HLZ TW -- 5 100 0.939 3 0.6 0.03 2 0.9961 50000 0.005 0.0001
1 16 YULB HLZ TW -- 5 100 0.939 3 0.6 0.03 2 0.9961 50000 0.04 0.0006
1 17 LYUB HLZ TW -- 5 100 0.939 3 0.6 0.03 2 0.9961 50000 0.1 0.01
1 18 WUSB HLZ TW -- 5 100 0.939 3 0.6 0.03 2 0.9961 50000 0.01 0.0005
1 19 TATO HNZ IU -- 5 100 0.939 3 0.6 0.03 2 0.9961 50000 0.1 0.01
1 20 FUSB HLZ TW -- 5 100 0.939 3 0.6 0.03 2 0.9961 50000 0.1 0.01
1 21 CHGB HHZ TW -- 3 100 0.939 3 0.6 0.015 6 0.9961 100000 0.03 0.001
1 22 HGSD HHZ TW -- 3 100 0.939 3 0.6 0.015 6 0.9961 100000 0.05 0.001
1 23 KMNB HHZ TW -- 3 100 0.939 3 0.6 0.015 7 0.9961 100000 0.1 0.001
1 24 LYUB HHZ TW -- 3 100 0.939 3 0.6 0.015 7 0.9961 100000 0.1 0.001
1 25 MATB HHZ TW -- 3 100 0.939 3 0.6 0.015 6 0.9961 100000 0.1 0.001
1 26 MASB HHZ TW -- 3 100 0.939 3 0.6 0.015 6 0.9961 100000 0.1 0.001
1 27 NACB HHZ TW -- 2 100 0.939 3 0.6 0.015 6 0.9961 100000 0.1 0.001
1 28 NNSB HHZ TW -- 3 100 0.939 3 0.6 0.015 6 0.9961 100000 0.2 0.001
1 29 PHUB HHZ TW -- 3 100 0.939 3 0.6 0.015 6 0.9961 100000 0.1 0.1
1 30 RLNB HHZ TW -- 2 100 0.939 3 0.6 0.015 6 0.9961 100000 0.05 0.001
1 31 SBCB HHZ TW -- 3 100 0.939 3 0.6 0.015 6 0.9961 100000 0.1 0.001
1 32 SSLB HHZ TW -- 3 100 0.939 3 0.6 0.015 6 0.9961 100000 0.1 0.02
1 33 TDCB HHZ TW -- 3 100 0.939 3 0.6 0.015 5 0.9961 100000 0.1 0.0001
1 34 TPUB HHZ TW -- 3 100 0.939 3 0.6 0.015 6 0.9961 100000 0.1 0.001
1 35 TWGB HHZ TW -- 3 100 0.939 3 0.6 0.015 6 0.9961 100000 0.1 0.001
1 36 TWKB HHZ TW -- 3 100 0.939 3 0.6 0.015 4 0.9961 100000 0.1 0.0008
1 37 WFSB HHZ TW -- 3 100 0.939 3 0.6 0.015 6 0.9961 100000 0.1 0.001
1 38 YHNB HHZ TW -- 3 100 0.939 3 0.6 0.015 6 0.9961 100000 0.1 0.0004
1 39 YULB HHZ TW -- 3 100 0.939 3 0.6 0.015 6 0.9961 100000 0.1 0.001
1 40 SXI1 HHZ TW -- 3 100 0.939 3 0.6 0.015 6 0.9961 100000 0.1 0.001
1 41 FUSB HHZ TW -- 3 100 0.939 3 0.6 0.015 6 0.9961 100000 0.1 0.001
1 42 LATB HHZ TW -- 3 100 0.939 3 0.6 0.015 6 0.9961 100000 0.1 0.001
1 43 YD07 HHZ TW -- 3 100 0.939 3 0.6 0.015 6 0.9961 100000 0.1 0.001
1 44 WARB HHZ TW -- 3 100 0.939 3 0.6 0.015 6 0.9961 100000 0.1 0.001
1 45 VWDT HHZ TW -- 3 100 0.939 3 0.6 0.015 6 0.9961 100000 0.1 0.001
1 46 VWUC HHZ TW -- 3 100 0.939 3 0.6 0.015 6 0.9961 100000 0.1 0.001
1 47 YOJ BHZ JP -- 5 100 0.939 3 0.6 0.03 2 0.9961 50000 0.1 0.01
1 48 A000 HLZ TW -- 5 100 0.939 3 0.6 0.03 6 0.9961 50000 0.5 0.05
1 49 A020 HLZ TW -- 3 100 0.939 3 0.6 0.03 6 0.9961 50000 0.05 0.001
1 50 A021 HLZ TW -- 3 100 0.939 3 0.6 0.03 2 0.9961 50000 0.1 0.001
1 51 A050 HLZ TW -- 3 100 0.939 3 0.6 0.03 2 0.9961 50000 0.02 0.001
1 52 A060 HLZ TW -- 3 100 0.939 3 0.6 0.03 2 0.9961 50000 0.1 0.001
1 53 A100 HLZ TW -- 3 100 0.939 3 0.6 0.03 2 0.9961 50000 0.1 0.001
1 54 A120 HLZ TW -- 3 100 0.939 3 0.6 0.03 2 0.9961 50000 0.1 0.001
1 55 A130 HLZ TW -- 3 100 0.939 3 0.6 0.03 2 0.9961 50000 0.1 0.001
1 56 A210 HLZ TW -- 3 100 0.939 3 0.6 0.03 6 0.9961 50000 0.1 0.001
1 57 A220 HLZ TW -- 3 100 0.939 3 0.6 0.03 2 0.9961 50000 0.1 0.001
1 58 A221 HLZ TW -- 3 100 0.939 3 0.6 0.03 2 0.9961 50000 0.1 0.001
1 59 A230 HLZ TW -- 3 100 0.939 3 0.6 0.03 2 0.9961 50000 0.1 0.001
1 60 A330 HLZ TW -- 3 100 0.939 3 0.6 0.03 2 0.9961 50000 0.05 0.001
1 61 A340 HLZ TW -- 3 100 0.939 3 0.6 0.03 6 0.9961 50000 0.1 0.001
1 62 A400 HLZ TW -- 3 100 0.939 3 0.6 0.03 5 0.9961 50000 0.1 0.001
1 63 A410 HLZ TW -- 3 100 0.939 3 0.6 0.03 2 0.9961 50000 0.1 0.001
1 64 A450 HLZ TW -- 3 100 0.939 3 0.6 0.03 5 0.9961 50000 0.1 0.001
1 65 A470 HLZ TW -- 3 100 0.939 3 0.6 0.03 5 0.9961 50000 0.1 0.001
1 66 A471 HLZ TW -- 3 100 0.939 3 0.6 0.03 2 0.9961 50000 0.1 0.001
1 67 A480 HLZ TW -- 3 100 0.939 3 0.6 0.03 2 0.9961 50000 0.1 0.001
1 68 A500 HLZ TW -- 3 100 0.939 3 0.6 0.03 2 0.9961 50000 0.1 0.001
1 69 A530 HLZ TW -- 3 100 0.939 3 0.6 0.03 2 0.9961 50000 0.1 0.001
1 70 A550 HLZ TW -- 3 100 0.939 3 0.6 0.03 2 0.9961 50000 0.1 0.001
1 71 A560 HLZ TW -- 3 100 0.939 3 0.6 0.03 2 0.9961 50000 0.1 0.001
1 72 A590 HLZ TW -- 3 100 0.939 3 0.6 0.03 5 0.9961 50000 0.1 0.001
1 73 A600 HLZ TW -- 3 100 0.939 3 0.6 0.03 2 0.9961 50000 0.1 0.001
1 74 A601 HLZ TW -- 3 100 0.939 3 0.6 0.03 5 0.9961 50000 0.1 0.001
1 75 A620 HLZ TW -- 3 100 0.939 3 0.6 0.03 2 0.9961 50000 0.1 0.001
1 76 A660 HLZ TW -- 3 100 0.939 3 0.6 0.03 5 0.9961 50000 0.1 0.001
1 77 A730 HLZ TW -- 3 100 0.939 3 0.6 0.03 3 0.9961 50000 0.1 0.001
1 78 A770 HLZ TW -- 3 100 0.939 3 0.6 0.03 2 0.9961 50000 0.1 0.001
1 79 A771 HLZ TW -- 3 100 0.939 3 0.6 0.03 2 0.9961 50000 0.1 0.001
1 80 A800 HLZ TW -- 3 100 0.939 3 0.6 0.03 5 0.9961 50000 0.1 0.001
1 81 A810 HLZ TW -- 3 100 0.939 3 0.6 0.03 2 0.9961 50000 0.1 0.001
1 82 A830 HLZ TW -- 3 100 0.939 3 0.6 0.03 5 0.9961 50000 0.1 0.001
1 83 A831 HLZ TW -- 3 100 0.939 3 0.6 0.03 2 0.9961 50000 0.1 0.001
1 84 A860 HLZ TW -- 3 100 0.939 3 0.6 0.03 3 0.9961 50000 0.05 0.001
1 85 B000 HHZ TW -- 3 100 0.939 3 0.6 0.015 6 0.9961 100000 0.1 0.001
1 86 B020 HHZ TW -- 3 100 0.939 3 0.6 0.015 6 0.9961 100000 0.1 0.001
1 87 B021 HHZ TW -- 3 100 0.939 3 0.6 0.015 6 0.9961 100000 0.1 0.001
1 88 B050 HHZ TW -- 3 100 0.939 3 0.6 0.015 6 0.9961 100000 0.1 0.002
1 89 B060 HHZ TW -- 3 100 0.939 3 0.6 0.015 6 0.9961 100000 0.1 0.001
1 90 B100 HHZ TW -- 3 100 0.939 3 0.6 0.015 6 0.9961 100000 0.1 0.001
1 91 B120 HHZ TW -- 3 100 0.939 3 0.6 0.015 6 0.9961 100000 0.1 0.001
1 92 B130 HHZ TW -- 3 100 0.939 3 0.6 0.015 6 0.9961 100000 0.1 0.001
1 93 B210 HHZ TW -- 3 100 0.939 3 0.6 0.015 6 0.9961 100000 0.1 0.001
1 94 B220 HHZ TW -- 3 100 0.939 3 0.6 0.015 6 0.9961 100000 0.1 0.001
1 95 B221 HHZ TW -- 3 100 0.939 3 0.6 0.015 6 0.9961 100000 0.1 0.001
1 96 B230 HHZ TW -- 3 100 0.939 3 0.6 0.015 6 0.9961 100000 0.1 0.001
1 97 B330 HHZ TW -- 3 100 0.939 3 0.6 0.015 5 0.9961 100000 0.1 0.001
1 98 B340 HHZ TW -- 3 100 0.939 3 0.6 0.015 6 0.9961 100000 0.1 0.001
1 99 B400 HHZ TW -- 3 100 0.939 3 0.6 0.015 6 0.9961 100000 0.1 0.001
1 100 B410 HHZ TW -- 3 100 0.939 3 0.6 0.015 6 0.9961 100000 0.1 0.001
1 101 B450 HHZ TW -- 3 100 0.939 3 0.6 0.015 6 0.9961 100000 0.1 0.001
1 102 B470 HHZ TW -- 3 100 0.939 3 0.6 0.015 6 0.9961 100000 0.1 0.001
1 103 B471 HHZ TW -- 3 100 0.939 3 0.6 0.015 6 0.9961 100000 0.1 0.001
1 104 B500 HHZ TW -- 3 100 0.939 3 0.6 0.015 6 0.9961 100000 0.1 0.001
1 105 B530 HHZ TW -- 3 100 0.939 3 0.6 0.015 6 0.9961 100000 0.1 0.001
1 106 B550 HHZ TW -- 3 100 0.939 3 0.6 0.015 6 0.9961 100000 0.1 0.001
1 107 B560 HHZ TW -- 3 100 0.939 3 0.6 0.015 6 0.9961 100000 0.1 0.001
1 108 B600 HHZ TW -- 3 100 0.939 3 0.6 0.015 6 0.9961 100000 0.1 0.001
1 109 B601 HHZ TW -- 3 100 0.939 3 0.6 0.015 6 0.9961 100000 0.1 0.001
1 110 B620 HHZ TW -- 3 100 0.939 3 0.6 0.015 6 0.9961 100000 0.1 0.001
1 111 B660 HHZ TW -- 3 100 0.939 3 0.6 0.015 6 0.9961 100000 0.1 0.001
1 112 B730 HHZ TW -- 3 100 0.939 3 0.6 0.015 6 0.9961 100000 0.1 0.001
1 113 B770 HHZ TW -- 3 100 0.939 3 0.6 0.015 6 0.9961 100000 0.1 0.001
1 114 B771 HHZ TW -- 3 100 0.939 3 0.6 0.015 6 0.9961 100000 0.1 0.001
1 115 B800 HHZ TW -- 3 100 0.939 3 0.6 0.015 6 0.9961 100000 0.1 0.001
1 116 B810 HHZ TW -- 3 100 0.939 3 0.6 0.015 6 0.9961 100000 0.1 0.001
1 117 B830 HHZ TW -- 3 100 0.939 3 0.6 0.015 6 0.9961 100000 0.1 0.001
1 118 B860 HHZ TW -- 3 100 0.939 3 0.6 0.015 8 0.9961 100000 0.1 0.001
1 119 D001 HLZ TW -- 3 100 0.939 3 0.6 0.015 6 0.9961 100000 0.01 0.01
1 120 D002 HLZ TW -- 3 100 0.939 3 0.6 0.015 6 0.9961 100000 0.01 0.01
1 121 D003 HLZ TW -- 3 100 0.939 3 0.6 0.015 6 0.9961 100000 0.01 0.01
1 122 D004 HLZ TW -- 3 100 0.939 3 0.6 0.015 6 0.9961 100000 0.01 0.01
1 123 D005 HLZ TW -- 3 100 0.939 3 0.6 0.015 5 0.9961 100000 0.01 0.01
1 124 D006 HLZ TW -- 3 100 0.939 3 0.6 0.015 6 0.9961 100000 0.01 0.01
1 125 H001 HLZ TW -- 3 100 0.939 3 0.6 0.015 6 0.9961 100000 0.01 0.01
1 126 H002 HLZ TW -- 3 100 0.939 3 0.6 0.015 6 0.9961 100000 0.01 0.01
1 127 H004 HLZ TW -- 3 100 0.939 3 0.6 0.015 6 0.9961 100000 0.01 0.01
1 128 H005 HLZ TW -- 3 100 0.939 3 0.6 0.015 6 0.9961 100000 0.01 0.01
1 129 H006 HLZ TW -- 3 100 0.939 3 0.6 0.015 6 0.9961 100000 0.01 0.01
1 130 H008 HLZ TW -- 3 100 0.939 3 0.6 0.015 6 0.9961 100000 0.01 0.01
1 131 H009 HLZ TW -- 3 100 0.939 3 0.6 0.015 6 0.9961 100000 0.01 0.01
1 132 H010 HLZ TW -- 3 100 0.939 3 0.6 0.015 6 0.9961 100000 0.01 0.01
1 133 H013 HLZ TW -- 3 100 0.939 3 0.6 0.015 6 0.9961 100000 0.01 0.01
1 134 H014 HLZ TW -- 3 100 0.939 3 0.6 0.015 6 0.9961 100000 0.01 0.01
1 135 H015 HLZ TW -- 3 100 0.939 3 0.6 0.015 6 0.9961 100000 0.01 0.01
1 136 H016 HLZ TW -- 3 100 0.939 3 0.6 0.015 6 0.9961 100000 0.01 0.01
1 137 H017 HLZ TW -- 3 100 0.939 3 0.6 0.015 6 0.9961 100000 0.01 0.01
1 138 H018 HLZ TW -- 3 100 0.939 3 0.6 0.015 6 0.9961 100000 0.01 0.01
1 139 H019 HLZ TW -- 3 100 0.939 3 0.6 0.015 6 0.9961 100000 0.01 0.01
1 140 H01A HLZ TW -- 3 100 0.939 3 0.6 0.015 6 0.9961 100000 0.01 0.01
1 141 H01B HLZ TW -- 3 100 0.939 3 0.6 0.015 6 0.9961 100000 0.01 0.01
1 142 H01D HLZ TW -- 3 100 0.939 3 0.6 0.015 6 0.9961 100000 0.01 0.01
1 143 H01E HLZ TW -- 3 100 0.939 3 0.6 0.015 6 0.9961 100000 0.01 0.01
1 144 H01F HLZ TW -- 3 100 0.939 3 0.6 0.015 6 0.9961 100000 0.01 0.01
1 145 H020 HLZ TW -- 3 100 0.939 3 0.6 0.015 6 0.9961 100000 0.01 0.01
1 146 H021 HLZ TW -- 3 100 0.939 3 0.6 0.015 6 0.9961 100000 0.01 0.01
1 147 H022 HLZ TW -- 3 100 0.939 3 0.6 0.015 6 0.9961 100000 0.01 0.01
1 148 H023 HLZ TW -- 3 100 0.939 3 0.6 0.015 6 0.9961 100000 0.01 0.01
1 149 H024 HLZ TW -- 3 100 0.939 3 0.6 0.015 6 0.9961 100000 0.01 0.01
1 150 H025 HLZ TW -- 3 100 0.939 3 0.6 0.015 6 0.9961 100000 0.01 0.01
1 151 H026 HLZ TW -- 3 100 0.939 3 0.6 0.015 6 0.9961 100000 0.01 0.01
1 152 H027 HLZ TW -- 3 100 0.939 3 0.6 0.015 6 0.9961 100000 0.01 0.01
1 153 H029 HLZ TW -- 3 100 0.939 3 0.6 0.015 6 0.9961 100000 0.01 0.01
1 154 H02A HLZ TW -- 3 100 0.939 3 0.6 0.015 6 0.9961 100000 0.01 0.01
1 155 H02B HLZ TW -- 3 100 0.939 3 0.6 0.015 6 0.9961 100000 0.01 0.01
1 156 H02C HLZ TW -- 3 100 0.939 3 0.6 0.015 6 0.9961 100000 0.01 0.01
1 157 L001 HLZ TW -- 3 100 0.939 3 0.6 0.015 6 0.9961 100000 0.01 0.01
1 158 L002 HLZ TW -- 2 100 0.939 3 0.6 0.015 5 0.9961 100000 0.01 0.01
1 159 L003 HLZ TW -- 3 100 0.939 3 0.6 0.015 6 0.9961 100000 0.01 0.01
1 160 L004 HLZ TW -- 3 100 0.939 3 0.6 0.015 6 0.9961 100000 0.01 0.01
1 161 L005 HLZ TW -- 3 100 0.939 3 0.6 0.015 6 0.9961 100000 0.01 0.01
1 162 L010 HLZ TW -- 3 100 0.939 3 0.6 0.015 6 0.9961 100000 0.01 0.01
1 163 L011 HLZ TW -- 3 100 0.939 3 0.6 0.015 6 0.9961 100000 0.01 0.01
1 164 L012 HLZ TW -- 3 100 0.939 3 0.6 0.015 6 0.9961 100000 0.01 0.01
1 165 L013 HLZ TW -- 3 100 0.939 3 0.6 0.015 6 0.9961 100000 0.01 0.01
1 166 L014 HLZ TW -- 3 100 0.939 3 0.6 0.015 6 0.9961 100000 0.01 0.01
1 167 L015 HLZ TW -- 3 100 0.939 3 0.6 0.015 6 0.9961 100000 0.01 0.01
1 168 L016 HLZ TW -- 3 100 0.939 3 0.6 0.015 5 0.9961 100000 0.01 0.01
1 169 L017 HLZ TW -- 3 100 0.939 3 0.6 0.015 6 0.9961 100000 0.01 0.01
1 170 L020 HLZ TW -- 3 100 0.939 3 0.6 0.015 6 0.9961 100000 0.01 0.01
1 171 L021 HLZ TW -- 3 100 0.939 3 0.6 0.015 6 0.9961 100000 0.01 0.01
1 172 L022 HLZ TW -- 3 100 0.939 3 0.6 0.015 6 0.9961 100000 0.01 0.01
1 173 L023 HLZ TW -- 3 100 0.939 3 0.6 0.015 6 0.9961 100000 0.01 0.01
1 174 L024 HLZ TW -- 3 100 0.939 3 0.6 0.015 6 0.9961 100000 0.01 0.01
1 175 L025 HLZ TW -- 3 100 0.939 3 0.6 0.015 6 0.9961 100000 0.01 0.01
1 176 L026 HLZ TW -- 3 100 0.939 3 0.6 0.015 6 0.9961 100000 0.01 0.01
1 177 S001 HLZ TW -- 3 100 0.939 3 0.6 0.015 6 0.9961 100000 0.01 0.01
1 178 S002 HLZ TW -- 3 100 0.939 3 0.6 0.015 6 0.9961 100000 0.01 0.01
1 179 S003 HLZ TW -- 3 100 0.939 3 0.6 0.015 6 0.9961 100000 0.01 0.01
1 180 S004 HLZ TW -- 3 100 0.939 3 0.6 0.015 6 0.9961 100000 0.01 0.01
1 181 S005 HLZ TW -- 3 100 0.939 3 0.6 0.015 6 0.9961 100000 0.01 0.01
1 182 S006 HLZ TW -- 3 100 0.939 3 0.6 0.015 6 0.9961 100000 0.01 0.01
1 183 S007 HLZ TW -- 3 100 0.939 3 0.6 0.015 6 0.9961 100000 0.01 0.01
1 184 S009 HLZ TW -- 3 100 0.939 3 0.6 0.015 6 0.9961 100000 0.01 0.01
1 185 S00A HLZ TW -- 3 100 0.939 3 0.6 0.015 6 0.9961 100000 0.01 0.01
1 186 S00B HLZ TW -- 3 100 0.939 3 0.6 0.015 6 0.9961 100000 0.01 0.01
1 187 S00C HLZ TW -- 3 100 0.939 3 0.6 0.015 6 0.9961 100000 0.01 0.01
1 188 S00D HLZ TW -- 3 100 0.939 3 0.6 0.015 6 0.9961 100000 0.01 0.01
1 189 S00E HLZ TW -- 3 100 0.939 3 0.6 0.015 6 0.9961 100000 0.01 0.01
1 190 S00F HLZ TW -- 3 100 0.939 3 0.6 0.015 6 0.9961 100000 0.01 0.01
1 191 S010 HLZ TW -- 3 100 0.939 3 0.6 0.015 6 0.9961 100000 0.01 0.01
1 192 S011 HLZ TW -- 3 100 0.939 3 0.6 0.015 6 0.9961 100000 0.01 0.01
1 193 S012 HLZ TW -- 3 100 0.939 3 0.6 0.015 6 0.9961 100000 0.01 0.01
1 194 S013 HLZ TW -- 3 100 0.939 3 0.6 0.015 6 0.9961 100000 0.01 0.01
1 195 S014 HLZ TW -- 3 100 0.939 3 0.6 0.015 6 0.9961 100000 0.01 0.01
1 196 S015 HLZ TW -- 3 100 0.939 3 0.6 0.015 6 0.9961 100000 0.01 0.01
1 197 S016 HLZ TW -- 3 100 0.939 3 0.6 0.015 6 0.9961 100000 0.01 0.01
1 198 S017 HLZ TW -- 3 100 0.939 3 0.6 0.015 6 0.9961 100000 0.01 0.01
1 199 S018 HLZ TW -- 3 100 0.939 3 0.6 0.015 6 0.9961 100000 0.01 0.01
1 200 S019 HLZ TW -- 3 100 0.939 3 0.6 0.015 6 0.9961 100000 0.01 0.01
1 201 S01A HLZ TW -- 3 100 0.939 3 0.6 0.015 6 0.9961 100000 0.01 0.01
1 202 S01B HLZ TW -- 3 100 0.939 3 0.6 0.015 6 0.9961 100000 0.01 0.01
1 203 S01C HLZ TW -- 3 100 0.939 3 0.6 0.015 6 0.9961 100000 0.01 0.01
1 204 S01E HLZ TW -- 3 100 0.939 3 0.6 0.015 6 0.9961 100000 0.01 0.01
1 205 S01F HLZ TW -- 3 100 0.939 3 0.6 0.015 6 0.9961 100000 0.01 0.01
1 206 T001 HLZ TW -- 3 100 0.939 3 0.6 0.015 6 0.9961 100000 0.01 0.01
1 207 T003 HLZ TW -- 3 100 0.939 3 0.6 0.015 6 0.9961 100000 0.01 0.01
1 208 W001 HLZ TW -- 3 100 0.939 3 0.6 0.015 6 0.9961 100000 0.01 0.01
1 209 W002 HLZ TW -- 2 100 0.939 3 0.6 0.015 4 0.9961 100000 0.01 0.01
1 210 W003 HLZ TW -- 2 100 0.939 3 0.6 0.015 4 0.9961 100000 0.01 0.01
1 211 W004 HLZ TW -- 2 100 0.939 3 0.6 0.015 4 0.9961 100000 0.01 0.01
1 212 W005 HLZ TW -- 2 100 0.939 3 0.6 0.015 4 0.9961 100000 0.01 0.01
1 213 W006 HLZ TW -- 2 100 0.939 3 0.6 0.015 4 0.9961 100000 0.01 0.01
1 214 W007 HLZ TW -- 3 100 0.939 3 0.6 0.015 6 0.9961 100000 0.01 0.005
1 215 W008 HLZ TW -- 3 100 0.939 3 0.6 0.015 5 0.9961 100000 0.01 0.01
1 216 W009 HLZ TW -- 2 100 0.939 3 0.6 0.015 4 0.9961 100000 0.01 0.01
1 217 W00A HLZ TW -- 2 100 0.939 3 0.6 0.015 4 0.9961 100000 0.01 0.01
1 218 W00B HLZ TW -- 3 100 0.939 3 0.6 0.015 6 0.9961 100000 0.01 0.02
1 219 W00C HLZ TW -- 3 100 0.939 3 0.6 0.015 6 0.9961 100000 0.01 0.01
1 220 W00D HLZ TW -- 3 100 0.939 3 0.6 0.015 4 0.9961 100000 0.01 0.01
1 221 W00E HLZ TW -- 2 100 0.939 3 0.6 0.015 4 0.9961 100000 0.01 0.01
1 222 W00F HLZ TW -- 2 100 0.939 3 0.6 0.015 4 0.9961 100000 0.01 0.01
1 223 W010 HLZ TW -- 2 100 0.939 3 0.6 0.015 4 0.9961 100000 0.01 0.01
1 224 W011 HLZ TW -- 2 100 0.939 3 0.6 0.015 4 0.9961 100000 0.01 0.01
1 225 W012 HLZ TW -- 3 100 0.939 3 0.6 0.015 6 0.9961 100000 0.01 0.01
1 226 W013 HLZ TW -- 3 100 0.939 3 0.6 0.015 6 0.9961 100000 0.01 0.01
1 227 W014 HLZ TW -- 2 100 0.939 3 0.6 0.015 6 0.9961 100000 0.01 0.02
1 228 W015 HLZ TW -- 3 100 0.939 3 0.6 0.015 6 0.9961 100000 0.01 0.01
1 229 W017 HLZ TW -- 2 100 0.939 3 0.6 0.015 6 0.9961 100000 0.01 0.01
1 230 W018 HLZ TW -- 3 100 0.939 3 0.6 0.015 6 0.9961 100000 0.01 0.01
1 231 W019 HLZ TW -- 2 100 0.939 3 0.6 0.015 4 0.9961 100000 0.01 0.01
1 232 W01A HLZ TW -- 3 100 0.939 3 0.6 0.015 6 0.9961 100000 0.01 0.01
1 233 W01B HLZ TW -- 3 100 0.939 3 0.6 0.015 6 0.9961 100000 0.01 0.01
1 234 W01C HLZ TW -- 2 100 0.939 3 0.6 0.015 4 0.9961 100000 0.01 0.01
1 235 W01D HLZ TW -- 3 100 0.939 3 0.6 0.015 6 0.9961 100000 0.01 0.01
1 236 W01E HLZ TW -- 2 100 0.939 3 0.6 0.015 4 0.9961 100000 0.01 0.01
1 237 W01F HLZ TW -- 3 100 0.939 3 0.6 0.015 6 0.9961 100000 0.01 0.01
1 238 W020 HLZ TW -- 3 100 0.939 3 0.6 0.015 4 0.9961 100000 0.01 0.01
1 239 W021 HLZ TW -- 3 100 0.939 3 0.6 0.015 6 0.9961 100000 0.01 0.01
1 240 W022 HLZ TW -- 3 100 0.939 3 0.6 0.015 6 0.9961 100000 0.01 0.01
1 241 W023 HLZ TW -- 3 100 0.939 3 0.6 0.015 6 0.9961 100000 0.01 0.01
1 242 W024 HLZ TW -- 3 100 0.939 3 0.6 0.015 6 0.9961 100000 0.01 0.01
1 243 W025 HLZ TW -- 3 100 0.939 3 0.6 0.015 6 0.9961 100000 0.01 0.01
1 244 W026 HLZ TW -- 3 100 0.939 3 0.6 0.015 6 0.9961 100000 0.01 0.01
1 245 W027 HLZ TW -- 3 100 0.939 3 0.6 0.015 6 0.9961 100000 0.01 0.01
1 246 W028 HLZ TW -- 3 100 0.939 3 0.6 0.015 6 0.9961 100000 0.01 0.01
1 247 W029 HLZ TW -- 3 100 0.939 3 0.6 0.015 6 0.9961 100000 0.01 0.01
1 248 W02A HLZ TW -- 3 100 0.939 3 0.6 0.015 6 0.9961 100000 0.01 0.01
1 249 W02B HLZ TW -- 3 100 0.939 3 0.6 0.015 6 0.9961 100000 0.01 0.01
1 250 W02C HLZ TW -- 3 100 0.939 3 0.6 0.015 6 0.9961 100000 0.01 0.01
1 251 W02D HLZ TW -- 3 100 0.939 3 0.6 0.015 6 0.9961 100000 0.01 0.01
1 252 W02E HLZ TW -- 3 100 0.939 3 0.6 0.015 6 0.9961 100000 0.01 0.01
1 253 W02F HLZ TW -- 3 100 0.939 3 0.6 0.015 6 0.9961 100000 0.01 0.01
1 254 W030 HLZ TW -- 3 100 0.939 3 0.6 0.015 6 0.9961 100000 0.01 0.01
1 255 W031 HLZ TW -- 2 100 0.939 3 0.6 0.015 6 0.9961 100000 0.01 0.01
1 256 W032 HLZ TW -- 3 100 0.939 3 0.6 0.015 5 0.9961 100000 0.01 0.01
1 257 W033 HLZ TW -- 2 100 0.939 3 0.6 0.015 4 0.9961 100000 0.01 0.01
1 258 W034 HLZ TW -- 3 100 0.939 3 0.6 0.015 6 0.9961 100000 0.01 0.01
1 259 W035 HLZ TW -- 3 100 0.939 3 0.6 0.015 4 0.9961 100000 0.01 0.01
1 260 W036 HLZ TW -- 2 100 0.939 3 0.6 0.015 4 0.9961 100000 0.01 0.01
1 261 W037 HLZ TW -- 2 100 0.939 3 0.6 0.015 4 0.9961 100000 0.01 0.01
1 262 W038 HLZ TW -- 3 100 0.939 3 0.6 0.015 6 0.9961 100000 0.01 0.01
1 263 W039 HLZ TW -- 2 100 0.939 3 0.6 0.015 4 0.9961 100000 0.01 0.01
1 264 W03A HLZ TW -- 3 100 0.939 3 0.6 0.015 6 0.9961 100000 0.01 0.01
1 265 W03B HLZ TW -- 3 100 0.939 3 0.6 0.015 4 0.9961 100000 0.01 0.01
1 266 W03C HLZ TW -- 3 100 0.939 3 0.6 0.015 6 0.9961 100000 0.01 0.01
1 267 W03D HLZ TW -- 2 100 0.939 3 0.6 0.015 4 0.9961 100000 0.01 0.01
1 268 W03E HLZ TW -- 3 100 0.939 3 0.6 0.015 6 0.9961 100000 0.01 0.01
1 269 W040 HLZ TW -- 3 100 0.939 3 0.6 0.015 3 0.9961 100000 0.01 0.01
1 270 W041 HLZ TW -- 2 100 0.939 3 0.6 0.015 4 0.9961 100000 0.01 0.01
1 271 W042 HLZ TW -- 3 100 0.939 3 0.6 0.015 5 0.9961 100000 0.01 0.01
1 272 W043 HLZ TW -- 3 100 0.939 3 0.6 0.015 6 0.9961 100000 0.01 0.01
1 273 W044 HLZ TW -- 3 100 0.939 3 0.6 0.015 5 0.9961 100000 0.01 0.01
1 274 W045 HLZ TW -- 3 100 0.939 3 0.6 0.015 5 0.9961 100000 0.01 0.01
1 275 W046 HLZ TW -- 3 100 0.939 3 0.6 0.015 6 0.9961 100000 0.01 0.01
1 276 W047 HLZ TW -- 2 100 0.939 3 0.6 0.015 4 0.9961 100000 0.01 0.01
1 277 W048 HLZ TW -- 3 100 0.939 3 0.6 0.015 6 0.9961 100000 0.01 0.01
1 278 W049 HLZ TW -- 3 100 0.939 3 0.6 0.015 4 0.9961 100000 0.01 0
1 279 W04A HLZ TW -- 3 100 0.939 3 0.6 0.015 6 0.9961 100000 0.01 0.01
1 280 W04B HLZ TW -- 3 100 0.939 3 0.6 0.015 6 0.9961 100000 0.01 0.01
1 281 W04C HLZ TW -- 3 100 0.939 3 0.6 0.015 5 0.9961 100000 0.01 0.01
1 282 W04D HLZ TW -- 3 100 0.939 3 0.6 0.015 4 0.9961 100000 0.01 0.01
1 283 W04E HLZ TW -- 3 100 0.939 3 0.6 0.015 6 0.9961 100000 0.01 0.01
1 284 W04F HLZ TW -- 3 100 0.939 3 0.6 0.015 6 0.9961 100000 0.01 0.01
1 285 W050 HLZ TW -- 3 100 0.939 3 0.6 0.015 6 0.9961 100000 0.01 0.01
1 286 W051 HLZ TW -- 3 100 0.939 3 0.6 0.015 6 0.9961 100000 0.01 0.01
1 287 W052 HLZ TW -- 3 100 0.939 3 0.6 0.015 4 0.9961 100000 0.01 0.01
1 288 W053 HLZ TW -- 3 100 0.939 3 0.6 0.015 6 0.9961 100000 0.01 0.01
1 289 W054 HLZ TW -- 3 100 0.939 3 0.6 0.015 5 0.9961 100000 0.01 0.01
1 290 W055 HLZ TW -- 3 100 0.939 3 0.6 0.015 6 0.9961 100000 0.01 0.01
1 291 W056 HLZ TW -- 3 100 0.939 3 0.6 0.015 6 0.9961 100000 0.01 0.01
1 292 W057 HLZ TW -- 3 100 0.939 3 0.6 0.015 6 0.9961 100000 0.01 0.01
1 293 W059 HLZ TW -- 3 100 0.939 3 0.6 0.015 4 0.9961 100000 0.01 0.01
1 294 W05A HLZ TW -- 3 100 0.939 3 0.6 0.015 4 0.9961 100000 0.01 0.01
1 295 W05B HLZ TW -- 3 100 0.939 3 0.6 0.015 6 0.9961 100000 0.01 0.01
1 296 W05C HLZ TW -- 2 100 0.939 3 0.6 0.015 4 0.9961 100000 0.01 0.01
1 297 W05D HLZ TW -- 3 100 0.939 3 0.6 0.015 6 0.9961 100000 0.01 0.01
1 298 W05E HLZ TW -- 3 100 0.939 3 0.6 0.015 6 0.9961 100000 0.01 0.01
1 299 W05F HLZ TW -- 3 100 0.939 3 0.6 0.015 4 0.9961 100000 0.01 0.01
1 300 W060 HLZ TW -- 3 100 0.939 3 0.6 0.015 6 0.9961 100000 0.01 0.01
1 301 W061 HLZ TW -- 3 100 0.939 3 0.6 0.015 6 0.9961 100000 0.01 0.01
1 302 W062 HLZ TW -- 3 100 0.939 3 0.6 0.015 6 0.9961 100000 0.01 0.01
1 303 W063 HLZ TW -- 3 100 0.939 3 0.6 0.015 6 0.9961 100000 0.01 0.01
1 304 W064 HLZ TW -- 3 100 0.939 3 0.6 0.015 6 0.9961 100000 0.01 0.01
1 305 W065 HLZ TW -- 3 100 0.939 3 0.6 0.015 6 0.9961 100000 0.01 0.01
1 306 W066 HLZ TW -- 3 100 0.939 3 0.6 0.015 6 0.9961 100000 0.01 0.01
1 307 W067 HLZ TW -- 3 100 0.939 3 0.6 0.015 6 0.9961 100000 0.01 0.01
1 308 W068 HLZ TW -- 3 100 0.939 3 0.6 0.015 6 0.9961 100000 0.01 0.01
1 309 W069 HLZ TW -- 3 100 0.939 3 0.6 0.015 6 0.9961 100000 0.01 0.01
1 310 W06A HLZ TW -- 3 100 0.939 3 0.6 0.015 6 0.9961 100000 0.01 0.01
1 311 W06B HLZ TW -- 3 100 0.939 3 0.6 0.015 6 0.9961 100000 0.01 0.01
1 312 W06C HLZ TW -- 3 100 0.939 3 0.6 0.015 6 0.9961 100000 0.01 0.01
1 313 W06D HLZ TW -- 3 100 0.939 3 0.6 0.015 6 0.9961 100000 0.01 0.01
1 314 W06E HLZ TW -- 3 100 0.939 3 0.6 0.015 6 0.9961 100000 0.01 0.01
1 315 W06F HLZ TW -- 3 100 0.939 3 0.6 0.015 6 0.9961 100000 0.01 0.01
1 316 W070 HLZ TW -- 3 100 0.939 3 0.6 0.015 6 0.9961 100000 0.01 0.01
1 317 W071 HLZ TW -- 3 100 0.939 3 0.6 0.015 6 0.9961 100000 0.01 0.01
1 318 W072 HLZ TW -- 3 100 0.939 3 0.6 0.015 6 0.9961 100000 0.01 0.01
1 319 W073 HLZ TW -- 3 100 0.939 3 0.6 0.015 6 0.9961 100000 0.01 0.01
1 320 W074 HLZ TW -- 3 100 0.939 3 0.6 0.015 6 0.9961 100000 0.01 0.01
1 321 W075 HLZ TW -- 3 100 0.939 3 0.6 0.015 6 0.9961 100000 0.01 0.01
1 322 W076 HLZ TW -- 3 100 0.939 3 0.6 0.015 6 0.9961 100000 0.01 0.01
1 323 W077 HLZ TW -- 3 100 0.939 3 0.6 0.015 6 0.9961 100000 0.01 0.01
1 324 W078 HLZ TW -- 3 100 0.939 3 0.6 0.015 6 0.9961 100000 0.01 0.01
1 325 W079 HLZ TW -- 3 100 0.939 3 0.6 0.015 6 0.9961 100000 0.01 0.01
1 326 W07A HLZ TW -- 3 100 0.939 3 0.6 0.015 6 0.9961 100000 0.01 0.01
1 327 W07B HLZ TW -- 3 100 0.939 3 0.6 0.015 6 0.9961 100000 0.01 0.01
1 328 W07C HLZ TW -- 2 100 0.939 3 0.6 0.015 2 0.9961 100000 0.01 0.01
1 329 W07D HLZ TW -- 3 100 0.939 3 0.6 0.015 6 0.9961 100000 0.01 0.01
1 330 W07E HLZ TW -- 3 100 0.939 3 0.6 0.015 6 0.9961 100000 0.01 0.01
1 331 W07F HLZ TW -- 3 100 0.939 3 0.6 0.015 6 0.9961 100000 0.01 0.01
1 332 W080 HLZ TW -- 3 100 0.939 3 0.6 0.015 6 0.9961 100000 0.01 0.01
1 333 W081 HLZ TW -- 3 100 0.939 3 0.6 0.015 6 0.9961 100000 0.01 0.01
1 334 W083 HLZ TW -- 3 100 0.939 3 0.6 0.015 6 0.9961 100000 0.01 0.01
1 335 W084 HLZ TW -- 3 100 0.939 3 0.6 0.015 6 0.9961 100000 0.01 0.01
1 336 W085 HLZ TW -- 3 100 0.939 3 0.6 0.015 6 0.9961 100000 0.01 0.01
1 337 W087 HLZ TW -- 3 100 0.939 3 0.6 0.015 6 0.9961 100000 0.01 0.01
1 338 W088 HLZ TW -- 3 100 0.939 3 0.6 0.015 6 0.9961 100000 0.01 0.01
1 339 W089 HLZ TW -- 3 100 0.939 3 0.6 0.015 6 0.9961 100000 0.01 0.01
1 340 W08A HLZ TW -- 3 100 0.939 3 0.6 0.015 6 0.9961 100000 0.01 0.01
1 341 W08B HLZ TW -- 3 100 0.939 3 0.6 0.015 6 0.9961 100000 0.01 0.01
1 342 W08C HLZ TW -- 3 100 0.939 3 0.6 0.015 6 0.9961 100000 0.01 0.01
1 343 W08D HLZ TW -- 3 100 0.939 3 0.6 0.015 6 0.9961 100000 0.01 0.01
1 344 W08E HLZ TW -- 3 100 0.939 3 0.6 0.015 6 0.9961 100000 0.01 0.01
1 345 W08F HLZ TW -- 3 100 0.939 3 0.6 0.015 6 0.9961 100000 0.01 0.01
1 346 W090 HLZ TW -- 3 100 0.939 3 0.6 0.015 6 0.9961 100000 0.01 0.01
1 347 W091 HLZ TW -- 3 100 0.939 3 0.6 0.015 6 0.9961 100000 0.01 0.01
1 348 W092 HLZ TW -- 3 100 0.939 3 0.6 0.015 6 0.9961 100000 0.01 0.01
1 349 W093 HLZ TW -- 3 100 0.939 3 0.6 0.015 6 0.9961 100000 0.01 0.01
1 350 W094 HLZ TW -- 3 100 0.939 3 0.6 0.015 6 0.9961 100000 0.01 0.01
1 351 W095 HLZ TW -- 3 100 0.939 3 0.6 0.015 6 0.9961 100000 0.01 0.01
1 352 W096 HLZ TW -- 3 100 0.939 3 0.6 0.015 6 0.9961 100000 0.01 0.01
1 353 W097 HLZ TW -- 3 100 0.939 3 0.6 0.015 6 0.9961 100000 0.01 0.01
1 354 W098 HLZ TW -- 3 100 0.939 3 0.6 0.015 6 0.9961 100000 0.01 0.01
1 355 W099 HLZ TW -- 3 100 0.939 3 0.6 0.015 6 0.9961 100000 0.01 0.01
1 356 W09A HLZ TW -- 3 100 0.939 3 0.6 0.015 6 0.9961 100000 0.01 0.01
1 357 W09B HLZ TW -- 3 100 0.939 3 0.6 0.015 6 0.9961 100000 0.01 0.01
1 358 W09C HLZ TW -- 3 100 0.939 3 0.6 0.015 6 0.9961 100000 0.01 0.01
1 359 W09D HLZ TW -- 3 100 0.939 3 0.6 0.015 6 0.9961 100000 0.01 0.01
1 360 W100 HLZ TW -- 3 100 0.939 3 0.6 0.015 6 0.9961 100000 0.01 0.01
1 361 W102 HLZ TW -- 3 100 0.939 3 0.6 0.015 6 0.9961 100000 0.01 0.01
1 362 W103 HLZ TW -- 3 100 0.939 3 0.6 0.015 6 0.9961 100000 0.01 0.01
1 363 W104 HLZ TW -- 3 100 0.939 3 0.6 0.015 6 0.9961 100000 0.01 0.01
1 364 W105 HLZ TW -- 3 100 0.939 3 0.6 0.015 6 0.9961 100000 0.01 0.01
1 365 W108 HLZ TW -- 3 100 0.939 3 0.6 0.015 6 0.9961 100000 0.01 0.01
1 366 W109 HLZ TW -- 3 100 0.939 3 0.6 0.015 4 0.9961 100000 0.01 0.01
1 367 W10A HLZ TW -- 3 100 0.939 3 0.6 0.015 6 0.9961 100000 0.01 0.01
1 368 W10B HLZ TW -- 3 100 0.939 3 0.6 0.015 4 0.9961 100000 0.01 0.01
1 369 W10C HLZ TW -- 3 100 0.939 3 0.6 0.015 4 0.9961 100000 0.01 0.01
1 370 W10D HLZ TW -- 3 100 0.939 3 0.6 0.015 4 0.9961 100000 0.01 0.01
1 371 W10E HLZ TW -- 3 100 0.939 3 0.6 0.015 6 0.9961 100000 0.01 0.01
1 372 W10F HLZ TW -- 3 100 0.939 3 0.6 0.015 6 0.9961 100000 0.01 0.01
1 373 W110 HLZ TW -- 3 100 0.939 3 0.6 0.015 6 0.9961 100000 0.01 0.01
1 374 W111 HLZ TW -- 3 100 0.939 3 0.6 0.015 4 0.9961 100000 0.01 0.01
1 375 W112 HLZ TW -- 3 100 0.939 3 0.6 0.015 4 0.9961 100000 0.01 0.01
1 376 W113 HLZ TW -- 3 100 0.939 3 0.6 0.015 6 0.9961 100000 0.01 0.01
1 377 W114 HLZ TW -- 3 100 0.939 3 0.6 0.015 6 0.9961 100000 0.01 0.01
1 378 W116 HLZ TW -- 3 100 0.939 3 0.6 0.015 4 0.9961 100000 0.01 0.01
1 379 W117 HLZ TW -- 3 100 0.939 3 0.6 0.015 4 0.9961 100000 0.01 0.01
1 380 W118 HLZ TW -- 3 100 0.939 3 0.6 0.015 4 0.9961 100000 0.01 0.01
1 381 W119 HLZ TW -- 3 100 0.939 3 0.6 0.015 6 0.9961 100000 0.01 0.01
1 382 W11B HLZ TW -- 3 100 0.939 3 0.6 0.015 6 0.9961 100000 0.01 0.01
1 383 W11C HLZ TW -- 3 100 0.939 3 0.6 0.015 6 0.9961 100000 0.01 0.01
1 384 W11D HLZ TW -- 3 100 0.939 3 0.6 0.015 6 0.9961 100000 0.01 0.01
1 385 W11E HLZ TW -- 3 100 0.939 3 0.6 0.015 4 0.9961 100000 0.01 0.01
1 386 W11F HLZ TW -- 3 100 0.939 3 0.6 0.015 3 0.9961 100000 0.01 0.01
1 387 W120 HLZ TW -- 3 100 0.939 3 0.6 0.015 6 0.9961 100000 0.01 0.01
1 388 W121 HLZ TW -- 3 100 0.939 3 0.6 0.015 6 0.9961 100000 0.01 0.01
1 389 W122 HLZ TW -- 3 100 0.939 3 0.6 0.015 4 0.9961 100000 0.01 0.01
1 390 W123 HLZ TW -- 3 100 0.939 3 0.6 0.015 6 0.9961 100000 0.01 0.01
1 391 W124 HLZ TW -- 3 100 0.939 3 0.6 0.015 6 0.9961 100000 0.01 0.01
1 392 W125 HLZ TW -- 3 100 0.939 3 0.6 0.015 6 0.9961 100000 0.01 0.01
1 393 W126 HLZ TW -- 3 100 0.939 3 0.6 0.015 6 0.9961 100000 0.01 0.01
1 394 W127 HLZ TW -- 3 100 0.939 3 0.6 0.015 4 0.9961 100000 0.01 0.01
1 395 W128 HLZ TW -- 3 100 0.939 3 0.6 0.015 4 0.9961 100000 0.01 0.01
1 396 W129 HLZ TW -- 3 100 0.939 3 0.6 0.015 4 0.9961 100000 0.01 0.01
1 397 W12A HLZ TW -- 3 100 0.939 3 0.6 0.015 6 0.9961 100000 0.01 0.01
1 398 W12B HLZ TW -- 3 100 0.939 3 0.6 0.015 6 0.9961 100000 0.01 0.01
1 399 W12C HLZ TW -- 3 100 0.939 3 0.6 0.015 6 0.9961 100000 0.01 0.01
1 400 W12D HLZ TW -- 3 100 0.939 3 0.6 0.015 6 0.9961 100000 0.01 0.01
1 401 W12E HLZ TW -- 3 100 0.939 3 0.6 0.015 6 0.9961 100000 0.01 0.01
1 402 W12F HLZ TW -- 3 100 0.939 3 0.6 0.015 6 0.9961 100000 0.01 0.01
1 403 W130 HLZ TW -- 3 100 0.939 3 0.6 0.015 6 0.9961 100000 0.01 0.01
1 404 W131 HLZ TW -- 3 100 0.939 3 0.6 0.015 6 0.9961 100000 0.01 0.01
1 405 W132 HLZ TW -- 3 100 0.939 3 0.6 0.015 6 0.9961 100000 0.01 0.01
1 406 W133 HLZ TW -- 3 100 0.939 3 0.6 0.015 4 0.9961 100000 0.01 0.01
1 407 W134 HLZ TW -- 3 100 0.939 3 0.6 0.015 6 0.9961 100000 0.01 0.01
1 408 W135 HLZ TW -- 3 100 0.939 3 0.6 0.015 6 0.9961 100000 0.01 0.01
1 409 W136 HLZ TW -- 3 100 0.939 3 0.6 0.015 6 0.9961 100000 0.01 0.01
1 410 W137 HLZ TW -- 3 100 0.939 3 0.6 0.015 6 0.9961 100000 0.01 0.01
1 411 W138 HLZ TW -- 3 100 0.939 3 0.6 0.015 6 0.9961 100000 0.01 0.01
1 412 W139 HLZ TW -- 3 100 0.939 3 0.6 0.015 6 0.9961 100000 0.01 0.01
1 413 W13A HLZ TW -- 3 100 0.939 3 0.6 0.015 6 0.9961 100000 0.01 0.01
1 414 W13B HLZ TW -- 3 100 0.939 3 0.6 0.015 6 0.9961 100000 0.01 0.01
1 415 W13C HLZ TW -- 3 100 0.939 3 0.6 0.015 6 0.9961 100000 0.01 0.01
1 416 W13D HLZ TW -- 3 100 0.939 3 0.6 0.015 6 0.9961 100000 0.01 0.01
1 417 W13E HLZ TW -- 3 100 0.939 3 0.6 0.015 6 0.9961 100000 0.01 0.01
1 418 W13F HLZ TW -- 3 100 0.939 3 0.6 0.015 6 0.9961 100000 0.01 0.01
1 419 W140 HLZ TW -- 3 100 0.939 3 0.6 0.015 6 0.9961 100000 0.01 0.01
1 420 W141 HLZ TW -- 3 100 0.939 3 0.6 0.015 6 0.9961 100000 0.01 0.01
1 421 W142 HLZ TW -- 3 100 0.939 3 0.6 0.015 6 0.9961 100000 0.01 0.01
1 422 W143 HLZ TW -- 3 100 0.939 3 0.6 0.015 6 0.9961 100000 0.01 0.01
1 423 W144 HLZ TW -- 3 100 0.939 3 0.6 0.015 6 0.9961 100000 0.01 0.01
1 424 W145 HLZ TW -- 3 100 0.939 3 0.6 0.015 6 0.9961 100000 0.01 0.01
1 425 W146 HLZ TW -- 3 100 0.939 3 0.6 0.015 6 0.9961 100000 0.01 0.01
1 426 W147 HLZ TW -- 3 100 0.939 3 0.6 0.015 6 0.9961 100000 0.01 0.01
1 427 W148 HLZ TW -- 3 100 0.939 3 0.6 0.015 4 0.9961 100000 0.01 0.01
1 428 W149 HLZ TW -- 3 100 0.939 3 0.6 0.015 6 0.9961 100000 0.01 0.01
1 429 W14A HLZ TW -- 3 100 0.939 3 0.6 0.015 6 0.9961 100000 0.01 0.01
1 430 W14B HLZ TW -- 3 100 0.939 3 0.6 0.015 6 0.9961 100000 0.01 0.01
1 431 W14C HLZ TW -- 3 100 0.939 3 0.6 0.015 6 0.9961 100000 0.01 0.01
1 432 W14D HLZ TW -- 3 100 0.939 3 0.6 0.015 6 0.9961 100000 0.01 0.01
1 433 W14E HLZ TW -- 3 100 0.939 3 0.6 0.015 6 0.9961 100000 0.01 0.01
1 434 W14F HLZ TW -- 3 100 0.939 3 0.6 0.015 6 0.9961 100000 0.01 0.01
1 435 W150 HLZ TW -- 3 100 0.939 3 0.6 0.015 6 0.9961 100000 0.01 0.01
1 436 W151 HLZ TW -- 3 100 0.939 3 0.6 0.015 6 0.9961 100000 0.01 0.01
1 437 W152 HLZ TW -- 3 100 0.939 3 0.6 0.015 6 0.9961 100000 0.01 0.01
1 438 W153 HLZ TW -- 3 100 0.939 3 0.6 0.015 6 0.9961 100000 0.01 0.01
1 439 W154 HLZ TW -- 3 100 0.939 3 0.6 0.015 4 0.9961 100000 0.01 0.01
1 440 W155 HLZ TW -- 3 100 0.939 3 0.6 0.015 6 0.9961 100000 0.01 0.01
1 441 W156 HLZ TW -- 3 100 0.939 3 0.6 0.015 6 0.9961 100000 0.01 0.01
1 442 W157 HLZ TW -- 3 100 0.939 3 0.6 0.015 6 0.9961 100000 0.01 0.01
1 443 W158 HLZ TW -- 3 100 0.939 3 0.6 0.015 4 0.9961 100000 0.01 0.01
1 444 W159 HLZ TW -- 3 100 0.939 3 0.6 0.015 6 0.9961 100000 0.01 0.01
1 445 W15A HLZ TW -- 3 100 0.939 3 0.6 0.015 4 0.9961 100000 0.01 0.01
1 446 W15B HLZ TW -- 3 100 0.939 3 0.6 0.015 6 0.9961 100000 0.01 0.01
1 447 W15C HLZ TW -- 3 100 0.939 3 0.6 0.015 6 0.9961 100000 0.01 0.01
1 448 W15D HLZ TW -- 3 100 0.939 3 0.6 0.015 6 0.9961 100000 0.01 0.01
1 449 W15E HLZ TW -- 3 100 0.939 3 0.6 0.015 6 0.9961 100000 0.01 0.01
1 450 W15F HLZ TW -- 3 100 0.939 3 0.6 0.015 6 0.9961 100000 0.01 0.01
1 451 W160 HLZ TW -- 3 100 0.939 3 0.6 0.015 6 0.9961 100000 0.01 0.01
1 452 W162 HLZ TW -- 3 100 0.939 3 0.6 0.015 6 0.9961 100000 0.01 0.01
1 453 W163 HLZ TW -- 3 100 0.939 3 0.6 0.015 6 0.9961 100000 0.01 0.01
1 454 W164 HLZ TW -- 3 100 0.939 3 0.6 0.015 6 0.9961 100000 0.01 0.01
1 455 W165 HLZ TW -- 3 100 0.939 3 0.6 0.015 6 0.9961 100000 0.01 0.01
1 456 W166 HLZ TW -- 3 100 0.939 3 0.6 0.015 4 0.9961 100000 0.01 0.01
1 457 W167 HLZ TW -- 3 100 0.939 3 0.6 0.015 6 0.9961 100000 0.01 0.01
1 458 W168 HLZ TW -- 3 100 0.939 3 0.6 0.015 6 0.9961 100000 0.01 0.01
1 459 W169 HLZ TW -- 3 100 0.939 3 0.6 0.015 6 0.9961 100000 0.01 0.01
1 460 W16A HLZ TW -- 3 100 0.939 3 0.6 0.015 6 0.9961 100000 0.01 0.01
1 461 W16B HLZ TW -- 3 100 0.939 3 0.6 0.015 6 0.9961 100000 0.01 0.01
1 462 W16C HLZ TW -- 3 100 0.939 3 0.6 0.015 6 0.9961 100000 0.01 0.01
1 463 W16D HLZ TW -- 3 100 0.939 3 0.6 0.015 6 0.9961 100000 0.01 0.01
1 464 W16E HLZ TW -- 3 100 0.939 3 0.6 0.015 6 0.9961 100000 0.01 0.01
1 465 W16F HLZ TW -- 3 100 0.939 3 0.6 0.015 6 0.9961 100000 0.01 0.01
1 466 W170 HLZ TW -- 3 100 0.939 3 0.6 0.015 6 0.9961 100000 0.01 0.01
1 467 W171 HLZ TW -- 3 100 0.939 3 0.6 0.015 6 0.9961 100000 0.01 0.01
1 468 W172 HLZ TW -- 3 100 0.939 3 0.6 0.015 6 0.9961 100000 0.01 0.01
1 469 W173 HLZ TW -- 3 100 0.939 3 0.6 0.015 6 0.9961 100000 0.01 0.01
1 470 W174 HLZ TW -- 3 100 0.939 3 0.6 0.015 6 0.9961 100000 0.01 0.01
1 471 W175 HLZ TW -- 3 100 0.939 3 0.6 0.015 6 0.9961 100000 0.01 0.01
1 472 W176 HLZ TW -- 3 100 0.939 3 0.6 0.015 6 0.9961 100000 0.01 0.01
1 473 W177 HLZ TW -- 3 100 0.939 3 0.6 0.015 6 0.9961 100000 0.01 0.01
1 474 W178 HLZ TW -- 3 100 0.939 3 0.6 0.015 6 0.9961 100000 0.01 0.01
1 475 W179 HLZ TW -- 3 100 0.939 3 0.6 0.015 6 0.9961 100000 0.01 0.01
1 476 W17A HLZ TW -- 3 100 0.939 3 0.6 0.015 6 0.9961 100000 0.01 0.01
1 477 W17B HLZ TW -- 3 100 0.939 3 0.6 0.015 6 0.9961 100000 0.01 0.01
1 478 W17C HLZ TW -- 3 100 0.939 3 0.6 0.015 6 0.9961 100000 0.01 0.01
1 479 W17D HLZ TW -- 3 100 0.939 3 0.6 0.015 6 0.9961 100000 0.01 0.01
1 480 W17E HLZ TW -- 3 100 0.939 3 0.6 0.015 6 0.9961 100000 0.01 0.01
1 481 W17F HLZ TW -- 3 100 0.939 3 0.6 0.015 6 0.9961 100000 0.01 0.01
1 482 W180 HLZ TW -- 3 100 0.939 3 0.6 0.015 6 0.9961 100000 0.01 0.01
1 483 W181 HLZ TW -- 3 100 0.939 3 0.6 0.015 6 0.9961 100000 0.01 0.01
1 484 W182 HLZ TW -- 3 100 0.939 3 0.6 0.015 6 0.9961 100000 0.01 0.01
1 485 W183 HLZ TW -- 3 100 0.939 3 0.6 0.015 6 0.9961 100000 0.01 0.01
1 486 W184 HLZ TW -- 3 100 0.939 3 0.6 0.015 6 0.9961 100000 0.01 0.01
1 487 W185 HLZ TW -- 3 100 0.939 3 0.6 0.015 6 0.9961 100000 0.01 0.01
1 488 W186 HLZ TW -- 3 100 0.939 3 0.6 0.015 6 0.9961 100000 0.01 0.01
1 489 W188 HLZ TW -- 3 100 0.939 3 0.6 0.015 6 0.9961 100000 0.01 0.01
1 490 W189 HLZ TW -- 3 100 0.939 3 0.6 0.015 6 0.9961 100000 0.01 0.01
1 491 W18A HLZ TW -- 3 100 0.939 3 0.6 0.015 6 0.9961 100000 0.01 0.01
1 492 W18B HLZ TW -- 3 100 0.939 3 0.6 0.015 6 0.9961 100000 0.01 0.01
1 493 W18C HLZ TW -- 3 100 0.939 3 0.6 0.015 6 0.9961 100000 0.01 0.01
1 494 W18D HLZ TW -- 3 100 0.939 3 0.6 0.015 6 0.9961 100000 0.01 0.01
1 495 W18E HLZ TW -- 3 100 0.939 3 0.6 0.015 6 0.9961 100000 0.01 0.01
1 496 W18F HLZ TW -- 3 100 0.939 3 0.6 0.015 6 0.9961 100000 0.01 0.01
1 497 W190 HLZ TW -- 3 100 0.939 3 0.6 0.015 6 0.9961 100000 0.01 0.01
1 498 W191 HLZ TW -- 3 100 0.939 3 0.6 0.015 6 0.9961 100000 0.01 0
1 499 W192 HLZ TW -- 3 100 0.939 3 0.6 0.015 6 0.9961 100000 0.01 0.01
1 500 W193 HLZ TW -- 3 100 0.939 3 0.6 0.015 6 0.9961 100000 0.01 0.01
1 501 W194 HLZ TW -- 3 100 0.939 3 0.6 0.015 5 0.9961 100000 0.01 0.01
1 502 W195 HLZ TW -- 3 100 0.939 3 0.6 0.015 6 0.9961 100000 0.01 0.01
1 503 W196 HLZ TW -- 3 100 0.939 3 0.6 0.015 6 0.9961 100000 0.01 0.01
1 504 W197 HLZ TW -- 3 100 0.939 3 0.6 0.015 6 0.9961 100000 0.01 0.01
1 505 W198 HLZ TW -- 3 100 0.939 3 0.6 0.015 6 0.9961 100000 0.01 0.01
1 506 W199 HLZ TW -- 3 100 0.939 3 0.6 0.015 5 0.9961 100000 0.01 0.01
1 507 W19A HLZ TW -- 3 100 0.939 3 0.6 0.015 5 0.9961 100000 0.01 0.01
1 508 W19B HLZ TW -- 3 100 0.939 3 0.6 0.015 6 0.9961 100000 0.01 0.01
1 509 W19C HLZ TW -- 3 100 0.939 3 0.6 0.015 6 0.9961 100000 0.01 0.01
1 510 W19D HLZ TW -- 3 100 0.939 3 0.6 0.015 6 0.9961 100000 0.01 0.01
1 511 W19E HLZ TW -- 3 100 0.939 3 0.6 0.015 6 0.9961 100000 0.01 0.01
1 512 W19F HLZ TW -- 3 100 0.939 3 0.6 0.015 6 0.9961 100000 0.01 0.01
1 513 W200 HLZ TW -- 3 100 0.939 3 0.6 0.015 6 0.9961 100000 0.01 0.01
1 514 W201 HLZ TW -- 3 100 0.939 3 0.6 0.015 6 0.9961 100000 0.01 0.01
1 515 W202 HLZ TW -- 3 100 0.939 3 0.6 0.015 6 0.9961 100000 0.01 0.01
1 516 W203 HLZ TW -- 3 100 0.939 3 0.6 0.015 6 0.9961 100000 0.01 0.01
1 517 W204 HLZ TW -- 3 100 0.939 3 0.6 0.015 6 0.9961 100000 0.01 0.01
1 518 W205 HLZ TW -- 3 100 0.939 3 0.6 0.015 6 0.9961 100000 0.01 0.01
1 519 W206 HLZ TW -- 3 100 0.939 3 0.6 0.015 4 0.9961 100000 0.01 0.015
1 520 W207 HLZ TW -- 3 100 0.939 3 0.6 0.015 6 0.9961 100000 0.01 0.01
1 521 W208 HLZ TW -- 3 100 0.939 3 0.6 0.015 6 0.9961 100000 0.01 0.01
1 522 W209 HLZ TW -- 3 100 0.939 3 0.6 0.015 6 0.9961 100000 0.01 0.01
1 523 W20B HLZ TW -- 3 100 0.939 3 0.6 0.015 6 0.9961 100000 0.01 0.01
1 524 W20C HLZ TW -- 3 100 0.939 3 0.6 0.015 6 0.9961 100000 0.01 0.01
1 525 W20D HLZ TW -- 3 100 0.939 3 0.6 0.015 6 0.9961 100000 0.01 0.01
1 526 W20E HLZ TW -- 3 100 0.939 3 0.6 0.015 6 0.9961 100000 0.01 0.01
1 527 W20F HLZ TW -- 3 100 0.939 3 0.6 0.015 6 0.9961 100000 0.01 0.01
1 528 W210 HLZ TW -- 3 100 0.939 3 0.6 0.015 6 0.9961 100000 0.01 0.01
1 529 W211 HLZ TW -- 3 100 0.939 3 0.6 0.015 6 0.9961 100000 0.01 0
1 530 W212 HLZ TW -- 3 100 0.939 3 0.6 0.015 6 0.9961 100000 0.01 0.01
1 531 W213 HLZ TW -- 3 100 0.939 3 0.6 0.015 6 0.9961 100000 0.01 0.01
1 532 W214 HLZ TW -- 3 100 0.939 3 0.6 0.015 6 0.9961 100000 0.01 0.01
1 533 W215 HLZ TW -- 3 100 0.939 3 0.6 0.015 6 0.9961 100000 0.01 0.01
1 534 W217 HLZ TW -- 3 100 0.939 3 0.6 0.015 6 0.9961 100000 0.01 0.01
1 535 W218 HLZ TW -- 3 100 0.939 3 0.6 0.015 5 0.9961 100000 0.01 0.01
1 536 W219 HLZ TW -- 3 100 0.939 3 0.6 0.015 4 0.9961 100000 0.01 0.01
1 537 W21A HLZ TW -- 3 100 0.939 3 0.6 0.015 6 0.9961 100000 0.01 0.01
1 538 W21B HLZ TW -- 3 100 0.939 3 0.6 0.015 5 0.9961 100000 0.01 0.01
1 539 W21C HLZ TW -- 3 100 0.939 3 0.6 0.015 5 0.9961 100000 0.01 0.01
1 540 W21D HLZ TW -- 3 100 0.939 3 0.6 0.015 6 0.9961 100000 0.01 0.01
1 541 W21E HLZ TW -- 3 100 0.939 3 0.6 0.015 6 0.9961 100000 0.01 0.019
1 542 W21F HLZ TW -- 3 100 0.939 3 0.6 0.015 6 0.9961 100000 0.01 0.01
1 543 W220 HLZ TW -- 3 100 0.939 3 0.6 0.015 6 0.9961 100000 0.01 0.01
1 544 W221 HLZ TW -- 3 100 0.939 3 0.6 0.015 6 0.9961 100000 0.01 0.01
1 545 W222 HLZ TW -- 3 100 0.939 3 0.6 0.015 6 0.9961 100000 0.01 0.01
1 546 W223 HLZ TW -- 3 100 0.939 3 0.6 0.015 6 0.9961 100000 0.01 0.01
1 547 W224 HLZ TW -- 3 100 0.939 3 0.6 0.015 6 0.9961 100000 0.01 0.01
1 548 W225 HLZ TW -- 3 100 0.939 3 0.6 0.015 6 0.9961 100000 0.01 0
1 549 W226 HLZ TW -- 3 100 0.939 3 0.6 0.015 5 0.9961 100000 0.01 0.01
1 550 W227 HLZ TW -- 3 100 0.939 3 0.6 0.015 6 0.9961 100000 0.01 0.01
1 551 W228 HLZ TW -- 3 100 0.939 3 0.6 0.015 6 0.9961 100000 0.01 0.01
1 552 W229 HLZ TW -- 3 100 0.939 3 0.6 0.015 6 0.9961 100000 0.01 0.01
1 553 W22A HLZ TW -- 3 100 0.939 3 0.6 0.015 4 0.9961 100000 0.01 0.01
1 554 W22B HLZ TW -- 3 100 0.939 3 0.6 0.015 6 0.9961 100000 0.01 0.01
1 555 W22C HLZ TW -- 3 100 0.939 3 0.6 0.015 6 0.9961 100000 0.01 0.01
1 556 W22D HLZ TW -- 3 100 0.939 3 0.6 0.015 6 0.9961 100000 0.01 0.01
1 557 W22E HLZ TW -- 3 100 0.939 3 0.6 0.015 6 0.9961 100000 0.01 0.01
1 558 W22F HLZ TW -- 3 100 0.939 3 0.6 0.015 5 0.9961 100000 0.01 0.01
1 559 W230 HLZ TW -- 3 100 0.939 3 0.6 0.015 6 0.9961 100000 0.01 0.01
1 560 W231 HLZ TW -- 3 100 0.939 3 0.6 0.015 6 0.9961 100000 0.01 0.01
1 561 W232 HLZ TW -- 3 100 0.939 3 0.6 0.015 6 0.9961 100000 0.01 0.01
1 562 W233 HLZ TW -- 3 100 0.939 3 0.6 0.015 6 0.9961 100000 0.01 0.01
1 563 W234 HLZ TW -- 3 100 0.939 3 0.6 0.015 5 0.9961 100000 0.01 0.01
1 564 W235 HLZ TW -- 3 100 0.939 3 0.6 0.015 6 0.9961 100000 0.01 0.01
1 565 W236 HLZ TW -- 3 100 0.939 3 0.6 0.015 6 0.9961 100000 0.01 0.01
1 566 W237 HLZ TW -- 3 100 0.939 3 0.6 0.015 6 0.9961 100000 0.01 0.01
1 567 W238 HLZ TW -- 3 100 0.939 3 0.6 0.015 6 0.9961 100000 0.01 0.01
1 568 W239 HLZ TW -- 3 100 0.939 3 0.6 0.015 6 0.9961 100000 0.01 0.01
1 569 W23A HLZ TW -- 3 100 0.939 3 0.6 0.015 6 0.9961 100000 0.01 0.01
1 570 W23B HLZ TW -- 3 100 0.939 3 0.6 0.015 6 0.9961 100000 0.01 0.01
1 571 W23C HLZ TW -- 3 100 0.939 3 0.6 0.015 6 0.9961 100000 0.01 0.01
1 572 W23D HLZ TW -- 3 100 0.939 3 0.6 0.015 6 0.9961 100000 0.01 0.01
1 573 W23E HLZ TW -- 3 100 0.939 3 0.6 0.015 6 0.9961 100000 0.01 0.01
1 574 W23F HLZ TW -- 3 100 0.939 3 0.6 0.015 6 0.9961 100000 0.01 0.01
1 575 W240 HLZ TW -- 3 100 0.939 3 0.6 0.015 6 0.9961 100000 0.01 0.01
1 576 W241 HLZ TW -- 3 100 0.939 3 0.6 0.015 6 0.9961 100000 0.01 0.01
1 577 W243 HLZ TW -- 3 100 0.939 3 0.6 0.015 6 0.9961 100000 0.01 0.01
1 578 W244 HLZ TW -- 3 100 0.939 3 0.6 0.015 6 0.9961 100000 0.01 0.01
1 579 W245 HLZ TW -- 3 100 0.939 3 0.6 0.015 6 0.9961 100000 0.01 0.01
1 580 W246 HLZ TW -- 3 100 0.939 3 0.6 0.015 6 0.9961 100000 0.01 0.01
1 581 W247 HLZ TW -- 3 100 0.939 3 0.6 0.015 6 0.9961 100000 0.01 0.01
1 582 W248 HLZ TW -- 3 100 0.939 3 0.6 0.015 6 0.9961 100000 0.01 0.01
1 583 W249 HLZ TW -- 3 100 0.939 3 0.6 0.015 3 0.9961 100000 0.01 0.01
1 584 W24A HLZ TW -- 3 100 0.939 3 0.6 0.015 5 0.9961 100000 0.01 0.01
1 585 W24B HLZ TW -- 3 100 0.939 3 0.6 0.015 6 0.9961 100000 0.01 0.01
1 586 W24C HLZ TW -- 3 100 0.939 3 0.6 0.015 5 0.9961 100000 0.01 0.01
1 587 W24D HLZ TW -- 3 100 0.939 3 0.6 0.015 6 0.9961 100000 0.01 0.01
1 588 W24E HLZ TW -- 3 100 0.939 3 0.6 0.015 6 0.9961 100000 0.01 0.01
1 589 W24F HLZ TW -- 2 100 0.939 3 0.6 0.015 6 0.9961 100000 0.01 0.01
1 590 W250 HLZ TW -- 2 100 0.939 3 0.6 0.015 4 0.9961 100000 0.01 0.01
1 591 W251 HLZ TW -- 3 100 0.939 3 0.6 0.015 6 0.9961 100000 0.01 0.01
1 592 W252 HLZ TW -- 3 100 0.939 3 0.6 0.015 6 0.9961 100000 0.01 0.01
1 593 W253 HLZ TW -- 3 100 0.939 3 0.6 0.015 6 0.9961 100000 0.01 0.01
1 594 W254 HLZ TW -- 3 100 0.939 3 0.6 0.015 6 0.9961 100000 0.01 0.011
1 595 W255 HLZ TW -- 3 100 0.939 3 0.6 0.015 6 0.9961 100000 0.01 0.01
1 596 W256 HLZ TW -- 3 100 0.939 3 0.6 0.015 4 0.9961 100000 0.01 0.01
1 597 W257 HLZ TW -- 2 100 0.939 3 0.6 0.015 6 0.9961 100000 0.01 0.01
1 598 W258 HLZ TW -- 3 100 0.939 3 0.6 0.015 6 0.9961 100000 0.01 0.01
1 599 W259 HLZ TW -- 3 100 0.939 3 0.6 0.015 6 0.9961 100000 0.01 0.01
1 600 W25A HLZ TW -- 3 100 0.939 3 0.6 0.015 6 0.9961 100000 0.01 0.01
1 601 W25B HLZ TW -- 3 100 0.939 3 0.6 0.015 6 0.9961 100000 0.01 0.01
1 602 W25C HLZ TW -- 3 100 0.939 3 0.6 0.015 6 0.9961 100000 0.01 0.01
1 603 W25D HLZ TW -- 3 100 0.939 3 0.6 0.015 6 0.9961 100000 0.01 0.01
1 604 W25E HLZ TW -- 3 100 0.939 3 0.6 0.015 6 0.9961 100000 0.01 0.01
1 605 W25F HLZ TW -- 3 100 0.939 3 0.6 0.015 6 0.9961 100000 0.01 0.01
1 606 W260 HLZ TW -- 3 100 0.939 3 0.6 0.015 6 0.9961 100000 0.01 0.01
1 607 W261 HLZ TW -- 3 100 0.939 3 0.6 0.015 6 0.9961 100000 0.01 0
1 608 W262 HLZ TW -- 3 100 0.939 3 0.6 0.015 6 0.9961 100000 0.01 0.01
1 609 W263 HLZ TW -- 2 100 0.939 3 0.6 0.015 6 0.9961 100000 0.01 0.01
1 610 W264 HLZ TW -- 3 100 0.939 3 0.6 0.015 5 0.9961 100000 0.01 0.01
1 611 W265 HLZ TW -- 2 100 0.939 3 0.6 0.015 3 0.9961 100000 0.01 0.01
1 612 W266 HLZ TW -- 3 100 0.939 3 0.6 0.015 6 0.9961 100000 0.01 0.01
1 613 W267 HLZ TW -- 3 100 0.939 3 0.6 0.015 6 0.9961 100000 0.01 0.01
1 614 W268 HLZ TW -- 3 100 0.939 3 0.6 0.015 6 0.9961 100000 0.01 0.01
1 615 W269 HLZ TW -- 3 100 0.939 3 0.6 0.015 4 0.9961 100000 0.01 0.01
1 616 W26B HLZ TW -- 3 100 0.939 3 0.6 0.015 6 0.9961 100000 0.01 0.01
1 617 W26C HLZ TW -- 3 100 0.939 3 0.6 0.015 6 0.9961 100000 0.01 0.01
1 618 W26D HLZ TW -- 3 100 0.939 3 0.6 0.015 4 0.9961 100000 0.01 0.01
1 619 W26E HLZ TW -- 3 100 0.939 3 0.6 0.015 4 0.9961 100000 0.01 0.01
1 620 W26F HLZ TW -- 2 100 0.939 3 0.6 0.015 4 0.9961 100000 0.01 0.011
1 621 W270 HLZ TW -- 3 100 0.939 3 0.6 0.015 4 0.9961 100000 0.01 0.01
1 622 W271 HLZ TW -- 3 100 0.939 3 0.6 0.015 4 0.9961 100000 0.01 0.01
1 623 W272 HLZ TW -- 3 100 0.939 3 0.6 0.015 6 0.9961 100000 0.01 0.01
1 624 W273 HLZ TW -- 3 100 0.939 3 0.6 0.015 4 0.9961 100000 0.01 0.01
1 625 W274 HLZ TW -- 3 100 0.939 3 0.6 0.015 6 0.9961 100000 0.01 0.01
1 626 W275 HLZ TW -- 3 100 0.939 3 0.6 0.015 6 0.9961 100000 0.01 0.01
1 627 W276 HLZ TW -- 3 100 0.939 3 0.6 0.015 6 0.9961 100000 0.01 0
1 628 W277 HLZ TW -- 3 100 0.939 3 0.6 0.015 5 0.9961 100000 0.01 0.01
1 629 W278 HLZ TW -- 3 100 0.939 3 0.6 0.015 4 0.9961 100000 0.01 0.01
1 630 W279 HLZ TW -- 3 100 0.939 3 0.6 0.015 6 0.9961 100000 0.01 0.01
1 631 W27A HLZ TW -- 3 100 0.939 3 0.6 0.015 6 0.9961 100000 0.01 0.01
1 632 W27B HLZ TW -- 3 100 0.939 3 0.6 0.015 5 0.9961 100000 0.01 0.01
1 633 W27C HLZ TW -- 3 100 0.939 3 0.6 0.015 5 0.9961 100000 0.01 0.01
1 634 W27D HLZ TW -- 3 100 0.939 3 0.6 0.015 5 0.9961 100000 0.01 0.01
1 635 W27E HLZ TW -- 3 100 0.939 3 0.6 0.015 6 0.9961 100000 0.01 0.01
1 636 W27F HLZ TW -- 3 100 0.939 3 0.6 0.015 4 0.9961 100000 0.01 0.01
1 637 W280 HLZ TW -- 3 100 0.939 3 0.6 0.015 6 0.9961 100000 0.01 0.01
1 638 W281 HLZ TW -- 2 100 0.939 3 0.6 0.015 6 0.9961 100000 0.01 0.01
1 639 W282 HLZ TW -- 2 100 0.939 3 0.6 0.015 5 0.9961 100000 0.01 0.01
1 640 W283 HLZ TW -- 3 100 0.939 3 0.6 0.015 6 0.9961 100000 0.01 0.01
1 641 W284 HLZ TW -- 3 100 0.939 3 0.6 0.015 6 0.9961 100000 0.01 0.01
1 642 W285 HLZ TW -- 3 100 0.939 3 0.6 0.015 6 0.9961 100000 0.01 0.01
1 643 W286 HLZ TW -- 3 100 0.939 3 0.6 0.015 6 0.9961 100000 0.01 0.01
1 644 W287 HLZ TW -- 3 100 0.939 3 0.6 0.015 6 0.9961 100000 0.01 0.01
1 645 W288 HLZ TW -- 3 100 0.939 3 0.6 0.015 6 0.9961 100000 0.01 0.01
1 646 W289 HLZ TW -- 3 100 0.939 3 0.6 0.015 6 0.9961 100000 0.01 0.01
1 647 W28A HLZ TW -- 3 100 0.939 3 0.6 0.015 6 0.9961 100000 0.01 0.01
1 648 W28B HLZ TW -- 3 100 0.939 3 0.6 0.015 6 0.9961 100000 0.01 0.01
1 649 W28C HLZ TW -- 3 100 0.939 3 0.6 0.015 5 0.9961 100000 0.01 0.01
1 650 W28D HLZ TW -- 3 100 0.939 3 0.6 0.015 6 0.9961 100000 0.01 0.01
1 651 W28E HLZ TW -- 3 100 0.939 3 0.6 0.015 6 0.9961 100000 0.01 0.01
1 652 W28F HLZ TW -- 3 100 0.939 3 0.6 0.015 6 0.9961 100000 0.01 0.01
1 653 W290 HLZ TW -- 3 100 0.939 3 0.6 0.015 6 0.9961 100000 0.01 0.01
1 654 W291 HLZ TW -- 3 100 0.939 3 0.6 0.015 6 0.9961 100000 0.01 0.01
1 655 W292 HLZ TW -- 3 100 0.939 3 0.6 0.015 6 0.9961 100000 0.01 0.01
1 656 W293 HLZ TW -- 3 100 0.939 3 0.6 0.015 4 0.9961 100000 0.01 0.01
1 657 W294 HLZ TW -- 3 100 0.939 3 0.6 0.015 6 0.9961 100000 0.01 0.01
1 658 W295 HLZ TW -- 3 100 0.939 3 0.6 0.015 6 0.9961 100000 0.01 0.01
1 659 W296 HLZ TW -- 2 100 0.939 3 0.6 0.015 6 0.9961 100000 0.01 0.01
1 660 W297 HLZ TW -- 3 100 0.939 3 0.6 0.015 6 0.9961 100000 0.01 0.01
1 661 W298 HLZ TW -- 3 100 0.939 3 0.6 0.015 6 0.9961 100000 0.01 0.01
1 662 W299 HLZ TW -- 3 100 0.939 3 0.6 0.015 6 0.9961 100000 0.01 0.01
1 663 W29A HLZ TW -- 3 100 0.939 3 0.6 0.015 6 0.9961 100000 0.01 0.01
1 664 W29B HLZ TW -- 3 100 0.939 3 0.6 0.015 6 0.9961 100000 0.01 0.01
1 665 W29C HLZ TW -- 3 100 0.939 3 0.6 0.015 6 0.9961 100000 0.01 0.01
1 666 W29D HLZ TW -- 3 100 0.939 3 0.6 0.015 6 0.9961 100000 0.01 0.01
1 667 W300 HLZ TW -- 3 100 0.939 3 0.6 0.015 6 0.9961 100000 0.01 0.01
1 668 W301 HLZ TW -- 3 100 0.939 3 0.6 0.015 6 0.9961 100000 0.01 0.01
1 669 W302 HLZ TW -- 3 100 0.939 3 0.6 0.015 6 0.9961 100000 0.01 0.01
1 670 W303 HLZ TW -- 3 100 0.939 3 0.6 0.015 6 0.9961 100000 0.01 0.01
1 671 W304 HLZ TW -- 3 100 0.939 3 0.6 0.015 6 0.9961 100000 0.01 0.01
1 672 W305 HLZ TW -- 3 100 0.939 3 0.6 0.015 6 0.9961 100000 0.01 0.01
1 673 W306 HLZ TW -- 3 100 0.939 3 0.6 0.015 6 0.9961 100000 0.01 0.01
1 674 W310 HLZ TW -- 3 100 0.939 3 0.6 0.015 6 0.9961 100000 0.01 0.01
1 675 W311 HLZ TW -- 3 100 0.939 3 0.6 0.015 6 0.9961 100000 0.01 0.01
1 676 W312 HLZ TW -- 3 100 0.939 3 0.6 0.015 6 0.9961 100000 0.01 0.01
1 677 W313 HLZ TW -- 3 100 0.939 3 0.6 0.015 6 0.9961 100000 0.01 0.01
1 678 W314 HLZ TW -- 3 100 0.939 3 0.6 0.015 6 0.9961 100000 0.01 0.01
1 679 W315 HLZ TW -- 3 100 0.939 3 0.6 0.015 6 0.9961 100000 0.01 0.01
1 680 W316 HLZ TW -- 3 100 0.939 3 0.6 0.015 6 0.9961 100000 0.01 0.01
1 681 W317 HLZ TW -- 3 100 0.939 3 0.6 0.015 6 0.9961 100000 0.01 0.01
1 682 W318 HLZ TW -- 3 100 0.939 3 0.6 0.015 6 0.9961 100000 0.01 0.01
1 683 W319 HLZ TW -- 3 100 0.939 3 0.6 0.015 6 0.9961 100000 0.01 0.01
1 684 W31A HLZ TW -- 3 100 0.939 3 0.6 0.015 6 0.9961 100000 0.01 0.01
1 685 W31B HLZ TW -- 3 100 0.939 3 0.6 0.015 6 0.9961 100000 0.01 0.01
1 686 W31D HLZ TW -- 3 100 0.939 3 0.6 0.015 6 0.9961 100000 0.01 0.01
1 687 W31E HLZ TW -- 3 100 0.939 3 0.6 0.015 6 0.9961 100000 0.01 0.01
1 688 W31F HLZ TW -- 3 100 0.939 3 0.6 0.015 6 0.9961 100000 0.01 0.01
1 689 W320 HLZ TW -- 3 100 0.939 3 0.6 0.015 6 0.9961 100000 0.01 0.01
1 690 W321 HLZ TW -- 3 100 0.939 3 0.6 0.015 6 0.9961 100000 0.01 0.01
1 691 W322 HLZ TW -- 3 100 0.939 3 0.6 0.015 6 0.9961 100000 0.01 0.01
1 692 W323 HLZ TW -- 3 100 0.939 3 0.6 0.015 6 0.9961 100000 0.01 0.01
1 693 W324 HLZ TW -- 3 100 0.939 3 0.6 0.015 6 0.9961 100000 0.01 0.01
1 694 W330 HLZ TW -- 3 100 0.939 3 0.6 0.015 6 0.9961 100000 0.01 0.01
1 695 W331 HLZ TW -- 3 100 0.939 3 0.6 0.015 6 0.9961 100000 0.01 0.01
1 696 W332 HLZ TW -- 3 100 0.939 3 0.6 0.015 6 0.9961 100000 0.01 0.01
1 697 W333 HLZ TW -- 3 100 0.939 3 0.6 0.015 6 0.9961 100000 0.01 0.01
1 698 W334 HLZ TW -- 3 100 0.939 3 0.6 0.015 6 0.9961 100000 0.01 0.01
1 699 W335 HLZ TW -- 3 100 0.939 3 0.6 0.015 6 0.9961 100000 0.01 0.01
1 700 W336 HLZ TW -- 3 100 0.939 3 0.6 0.015 6 0.9961 100000 0.01 0.01
1 701 W337 HLZ TW -- 3 100 0.939 3 0.6 0.015 6 0.9961 100000 0.01 0.01
1 702 W338 HLZ TW -- 3 100 0.939 3 0.6 0.015 6 0.9961 100000 0.01 0.01
1 703 W339 HLZ TW -- 3 100 0.939 3 0.6 0.015 6 0.9961 100000 0.01 0.01
1 704 W33A HLZ TW -- 3 100 0.939 3 0.6 0.015 6 0.9961 100000 0.01 0.01
1 705 W33B HLZ TW -- 3 100 0.939 3 0.6 0.015 6 0.9961 100000 0.01 0.01
1 706 W33C HLZ TW -- 3 100 0.939 3 0.6 0.015 6 0.9961 100000 0.01 0.01
1 707 W33D HLZ TW -- 3 100 0.939 3 0.6 0.015 6 0.9961 100000 0.01 0.01
1 708 W33E HLZ TW -- 3 100 0.939 3 0.6 0.015 6 0.9961 100000 0.01 0.01
1 709 W33F HLZ TW -- 3 100 0.939 3 0.6 0.015 6 0.9961 100000 0.01 0.01
1 710 W340 HLZ TW -- 3 100 0.939 3 0.6 0.015 6 0.9961 100000 0.01 0.01
1 711 W341 HLZ TW -- 3 100 0.939 3 0.6 0.015 6 0.9961 100000 0.01 0.01
1 712 W342 HLZ TW -- 3 100 0.939 3 0.6 0.015 6 0.9961 100000 0.01 0.01
1 713 W343 HLZ TW -- 3 100 0.939 3 0.6 0.015 6 0.9961 100000 0.01 0.01
1 714 W344 HLZ TW -- 3 100 0.939 3 0.6 0.015 6 0.9961 100000 0.01 0.01
1 715 W345 HLZ TW -- 3 100 0.939 3 0.6 0.015 6 0.9961 100000 0.01 0.01
1 716 W346 HLZ TW -- 3 100 0.939 3 0.6 0.015 6 0.9961 100000 0.01 0.01
1 717 W350 HLZ TW -- 3 100 0.939 3 0.6 0.015 6 0.9961 100000 0.01 0.01
1 718 W351 HLZ TW -- 3 100 0.939 3 0.6 0.015 6 0.9961 100000 0.01 0.01
1 719 W352 HLZ TW -- 3 100 0.939 3 0.6 0.015 6 0.9961 100000 0.01 0.01
1 720 W353 HLZ TW -- 3 100 0.939 3 0.6 0.015 6 0.9961 100000 0.01 0.01
1 721 W354 HLZ TW -- 3 100 0.939 3 0.6 0.03 6 0.9961 100000 0.01 0.01
1 722 W355 HLZ TW -- 3 100 0.939 3 0.6 0.015 6 0.9961 100000 0.01 0.01
1 723 W356 HLZ TW -- 3 100 0.939 3 0.6 0.015 6 0.9961 100000 0.01 0.01
1 724 W357 HLZ TW -- 3 100 0.939 3 0.6 0.015 6 0.9961 100000 0.01 0.01
1 725 W358 HLZ TW -- 3 100 0.939 3 0.6 0.015 6 0.9961 100000 0.01 0.01
1 726 W359 HLZ TW -- 3 100 0.939 3 0.6 0.015 6 0.9961 100000 0.01 0.01
1 727 W35A HLZ TW -- 3 100 0.939 3 0.6 0.015 6 0.9961 100000 0.01 0.01
1 728 W35B HLZ TW -- 3 100 0.939 3 0.6 0.015 6 0.9961 100000 0.01 0.01
1 729 W35C HLZ TW -- 3 100 0.939 3 0.6 0.015 6 0.9961 100000 0.01 0.01
1 730 W35D HLZ TW -- 3 100 0.939 3 0.6 0.015 6 0.9961 100000 0.01 0.01
1 731 W35E HLZ TW -- 3 100 0.939 3 0.6 0.015 6 0.9961 100000 0.01 0.01
1 732 W35F HLZ TW -- 3 100 0.939 3 0.6 0.015 6 0.9961 100000 0.01 0.01
1 733 W360 HLZ TW -- 3 100 0.939 3 0.6 0.015 6 0.9961 100000 0.01 0.01
1 734 W361 HLZ TW -- 3 100 0.939 3 0.6 0.015 6 0.9961 100000 0.01 0.01
1 735 W362 HLZ TW -- 3 100 0.939 3 0.6 0.015 6 0.9961 100000 0.01 0.01
1 736 W363 HLZ TW -- 3 100 0.939 3 0.6 0.015 6 0.9961 100000 0.01 0.01
1 737 W364 HLZ TW -- 3 100 0.939 3 0.6 0.015 6 0.9961 100000 0.01 0.01
1 738 W365 HLZ TW -- 3 100 0.939 3 0.6 0.015 6 0.9961 100000 0.01 0.01
1 739 W366 HLZ TW -- 3 100 0.939 3 0.6 0.015 6 0.9961 100000 0.01 0.01
1 740 W367 HLZ TW -- 3 100 0.939 3 0.6 0.015 6 0.9961 100000 0.01 0.01
1 741 W368 HLZ TW -- 3 100 0.939 3 0.6 0.015 6 0.9961 100000 0.01 0.01
1 742 W369 HLZ TW -- 3 100 0.939 3 0.6 0.015 6 0.9961 100000 0.01 0.01
1 743 W36A HLZ TW -- 3 100 0.939 3 0.6 0.015 6 0.9961 100000 0.01 0.01
1 744 W370 HLZ TW -- 3 100 0.939 3 0.6 0.015 6 0.9961 100000 0.01 0.01
1 745 W371 HLZ TW -- 3 100 0.939 3 0.6 0.015 6 0.9961 100000 0.01 0.01
1 746 W372 HLZ TW -- 3 100 0.939 3 0.6 0.015 6 0.9961 100000 0.01 0.01
1 747 W373 HLZ TW -- 3 100 0.939 3 0.6 0.015 6 0.9961 100000 0.01 0.01
1 748 W374 HLZ TW -- 3 100 0.939 3 0.6 0.015 6 0.9961 100000 0.01 0.01
1 749 W375 HLZ TW -- 3 100 0.939 3 0.6 0.015 6 0.9961 100000 0.01 0.01
1 750 W376 HLZ TW -- 3 100 0.939 3 0.6 0.015 6 0.9961 100000 0.01 0.01
1 751 W377 HLZ TW -- 3 100 0.939 3 0.6 0.015 6 0.9961 100000 0.01 0.01
1 752 W378 HLZ TW -- 3 100 0.939 3 0.6 0.015 6 0.9961 100000 0.01 0.01
1 753 W379 HLZ TW -- 3 100 0.939 3 0.6 0.015 6 0.9961 100000 0.01 0.01
1 754 W37A HLZ TW -- 3 100 0.939 3 0.6 0.015 6 0.9961 100000 0.01 0.01
1 755 W37B HLZ TW -- 3 100 0.939 3 0.6 0.015 6 0.9961 100000 0.01 0.01
1 756 W37C HLZ TW -- 3 100 0.939 3 0.6 0.015 6 0.9961 100000 0.01 0.01
1 757 W37D HLZ TW -- 3 100 0.939 3 0.6 0.015 6 0.9961 100000 0.01 0.01
1 758 W37E HLZ TW -- 3 100 0.939 3 0.6 0.015 6 0.9961 100000 0.01 0.01
1 759 W37F HLZ TW -- 3 100 0.939 3 0.6 0.015 6 0.9961 100000 0.01 0.01
1 760 W380 HLZ TW -- 3 100 0.939 3 0.6 0.015 6 0.9961 100000 0.01 0.01
1 761 W381 HLZ TW -- 3 100 0.939 3 0.6 0.015 6 0.9961 100000 0.01 0.01
1 762 W382 HLZ TW -- 3 100 0.939 3 0.6 0.015 6 0.9961 100000 0.01 0.01
1 763 W383 HLZ TW -- 3 100 0.939 3 0.6 0.015 6 0.9961 100000 0.01 0.01
1 764 W384 HLZ TW -- 3 100 0.939 3 0.6 0.015 6 0.9961 100000 0.01 0.01
1 765 W385 HLZ TW -- 3 100 0.939 3 0.6 0.015 6 0.9961 100000 0.01 0.01
1 766 W386 HLZ TW -- 3 100 0.939 3 0.6 0.015 6 0.9961 100000 0.01 0.01
1 767 W387 HLZ TW -- 3 100 0.939 3 0.6 0.015 6 0.9961 100000 0.01 0.01
1 768 W388 HLZ TW -- 3 100 0.939 3 0.6 0.015 6 0.9961 100000 0.01 0.01
1 769 W389 HLZ TW -- 3 100 0.939 3 0.6 0.015 6 0.9961 100000 0.01 0.01
1 770 W38A HLZ TW -- 3 100 0.939 3 0.6 0.015 2 0.9961 50000 0.01 0.01
1 771 W38B HLZ TW -- 3 100 0.939 3 0.6 0.015 6 0.9961 100000 0.01 0.01
1 772 W38C HLZ TW -- 3 100 0.939 3 0.6 0.015 6 0.9961 100000 0.01 0.01
1 773 W38D HLZ TW -- 3 100 0.939 3 0.6 0.015 6 0.9961 100000 0.01 0.01
1 774 W38E HLZ TW -- 3 100 0.939 3 0.6 0.015 6 0.9961 100000 0.01 0.01
1 775 W390 HLZ TW -- 3 100 0.939 3 0.6 0.015 6 0.9961 100000 0.01 0.01
1 776 W391 HLZ TW -- 3 100 0.939 3 0.6 0.015 6 0.9961 100000 0.01 0.01
1 777 W392 HLZ TW -- 3 100 0.939 3 0.6 0.015 6 0.9961 100000 0.01 0.01
1 778 W393 HLZ TW -- 3 100 0.939 3 0.6 0.015 6 0.9961 100000 0.01 0.01
1 779 W394 HLZ TW -- 3 100 0.939 3 0.6 0.015 6 0.9961 100000 0.01 0.01
1 780 W395 HLZ TW -- 3 100 0.939 3 0.6 0.015 6 0.9961 100000 0.01 0.01
1 781 W396 HLZ TW -- 3 100 0.939 3 0.6 0.015 6 0.9961 100000 0.01 0.01
1 782 W397 HLZ TW -- 3 100 0.939 3 0.6 0.015 6 0.9961 100000 0.01 0.01
1 783 W398 HLZ TW -- 3 100 0.939 3 0.6 0.015 6 0.9961 100000 0.01 0.01
1 784 W399 HLZ TW -- 3 100 0.939 3 0.6 0.015 6 0.9961 100000 0.01 0.01
1 785 W39A HLZ TW -- 3 100 0.939 3 0.6 0.015 6 0.9961 100000 0.01 0.01
1 786 W39B HLZ TW -- 3 100 0.939 3 0.6 0.015 6 0.9961 100000 0.01 0.01
1 787 W39C HLZ TW -- 3 100 0.939 3 0.6 0.015 6 0.9961 100000 0.01 0.01
1 788 W39D HLZ TW -- 3 100 0.939 3 0.6 0.015 6 0.9961 100000 0.01 0.01
1 789 W39E HLZ TW -- 3 100 0.939 3 0.6 0.015 6 0.9961 100000 0.01 0.01
1 790 W39F HLZ TW -- 3 100 0.939 3 0.6 0.015 6 0.9961 100000 0.01 0.01
1 791 W400 HLZ TW -- 3 100 0.939 3 0.6 0.015 6 0.9961 100000 0.01 0.01
1 792 W401 HLZ TW -- 3 100 0.939 3 0.6 0.015 6 0.9961 100000 0.01 0.01
1 793 W402 HLZ TW -- 3 100 0.939 3 0.6 0.015 6 0.9961 100000 0.01 0.01
1 794 W403 HLZ TW -- 3 100 0.939 3 0.6 0.015 6 0.9961 100000 0.01 0.01
1 795 W404 HLZ TW -- 3 100 0.939 3 0.6 0.015 6 0.9961 100000 0.01 0.01
1 796 W405 HLZ TW -- 3 100 0.939 3 0.6 0.015 6 0.9961 100000 0.01 0.01
1 797 W406 HLZ TW -- 3 100 0.939 3 0.6 0.015 6 0.9961 100000 0.01 0.01
1 798 W407 HLZ TW -- 3 100 0.939 3 0.6 0.015 6 0.9961 100000 0.01 0.01
1 799 W408 HLZ TW -- 3 100 0.939 3 0.6 0.015 6 0.9961 100000 0.01 0.01
1 800 W409 HLZ TW -- 3 100 0.939 3 0.6 0.015 6 0.9961 100000 0.01 0.01
1 801 W40A HLZ TW -- 3 100 0.939 3 0.6 0.015 6 0.9961 100000 0.01 0.01
1 802 W40B HLZ TW -- 3 100 0.939 3 0.6 0.015 6 0.9961 100000 0.01 0.01
1 803 W40C HLZ TW -- 3 100 0.939 3 0.6 0.015 6 0.9961 100000 0.01 0.01
1 804 W40D HLZ TW -- 3 100 0.939 3 0.6 0.015 6 0.9961 100000 0.01 0.01
1 805 W40E HLZ TW -- 3 100 0.939 3 0.6 0.015 6 0.9961 100000 0.01 0.01
1 806 W40F HLZ TW -- 3 100 0.939 3 0.6 0.015 6 0.9961 100000 0.01 0.01
1 807 W410 HLZ TW -- 3 100 0.939 3 0.6 0.015 6 0.9961 100000 0.01 0.01
1 808 W411 HLZ TW -- 3 100 0.939 3 0.6 0.015 6 0.9961 100000 0.01 0.01
1 809 W412 HLZ TW -- 3 100 0.939 3 0.6 0.015 6 0.9961 100000 0.01 0.01
1 810 W413 HLZ TW -- 3 100 0.939 3 0.6 0.015 6 0.9961 100000 0.01 0.01
1 811 W414 HLZ TW -- 3 100 0.939 3 0.6 0.015 6 0.9961 100000 0.01 0.01
1 812 W415 HLZ TW -- 3 100 0.939 3 0.6 0.015 6 0.9961 100000 0.01 0.01
1 813 W416 HLZ TW -- 3 100 0.939 3 0.6 0.015 6 0.9961 100000 0.01 0.01
1 814 W420 HLZ TW -- 3 100 0.939 3 0.6 0.015 6 0.9961 100000 0.01 0.01
1 815 W421 HLZ TW -- 3 100 0.939 3 0.6 0.015 6 0.9961 100000 0.01 0.01
1 816 W422 HLZ TW -- 3 100 0.939 3 0.6 0.015 6 0.9961 100000 0.01 0.01
1 817 W423 HLZ TW -- 3 100 0.939 3 0.6 0.015 6 0.9961 100000 0.01 0.01
1 818 W424 HLZ TW -- 3 100 0.939 3 0.6 0.015 6 0.9961 100000 0.01 0.01
1 819 W425 HLZ TW -- 3 100 0.939 3 0.6 0.015 6 0.9961 100000 0.01 0.01
1 820 W426 HLZ TW -- 3 100 0.939 3 0.6 0.015 6 0.9961 100000 0.01 0.01
1 821 W427 HLZ TW -- 3 100 0.939 3 0.6 0.015 6 0.9961 100000 0.01 0.01
1 822 W430 HLZ TW -- 3 100 0.939 3 0.6 0.015 6 0.9961 100000 0.01 0.01
1 823 W431 HLZ TW -- 3 100 0.939 3 0.6 0.015 6 0.9961 100000 0.01 0.01
1 824 W432 HLZ TW -- 3 100 0.939 3 0.6 0.015 6 0.9961 100000 0.01 0.01
1 825 W433 HLZ TW -- 3 100 0.939 3 0.6 0.015 6 0.9961 100000 0.01 0.01
1 826 W434 HLZ TW -- 3 100 0.939 3 0.6 0.015 6 0.9961 100000 0.01 0.01
1 827 W435 HLZ TW -- 3 100 0.939 3 0.6 0.015 6 0.9961 100000 0.01 0.01
1 828 W436 HLZ TW -- 3 100 0.939 3 0.6 0.015 6 0.9961 100000 0.01 0.01
1 829 W437 HLZ TW -- 3 100 0.939 3 0.6 0.015 6 0.9961 100000 0.01 0.01
1 830 W438 HLZ TW -- 3 100 0.939 3 0.6 0.015 6 0.9961 100000 0.01 0.01
1 831 W439 HLZ TW -- 3 100 0.939 3 0.6 0.015 6 0.9961 100000 0.01 0.01
1 832 W43A HLZ TW -- 3 100 0.939 3 0.6 0.015 6 0.9961 100000 0.01 0.01
1 833 W43B HLZ TW -- 3 100 0.939 3 0.6 0.015 6 0.9961 100000 0.01 0.01
1 834 W43C HLZ TW -- 3 100 0.939 3 0.6 0.015 6 0.9961 100000 0.01 0.01
1 835 W43D HLZ TW -- 3 100 0.939 3 0.6 0.015 6 0.9961 100000 0.01 0.01
1 836 W43E HLZ TW -- 3 100 0.939 3 0.6 0.015 6 0.9961 100000 0.01 0.01
1 837 W43F HLZ TW -- 3 100 0.939 3 0.6 0.015 6 0.9961 100000 0.01 0.01
1 838 W440 HLZ TW -- 3 100 0.939 3 0.6 0.015 6 0.9961 100000 0.01 0.01
1 839 W441 HLZ TW -- 3 100 0.939 3 0.6 0.015 6 0.9961 100000 0.01 0.01
1 840 W442 HLZ TW -- 3 100 0.939 3 0.6 0.015 6 0.9961 100000 0.01 0.01
1 841 W443 HLZ TW -- 3 100 0.939 3 0.6 0.015 6 0.9961 100000 0.01 0.01
1 842 W444 HLZ TW -- 3 100 0.939 3 0.6 0.015 6 0.9961 100000 0.01 0.01
1 843 W445 HLZ TW -- 3 100 0.939 3 0.6 0.015 6 0.9961 100000 0.01 0.01
1 844 W446 HLZ TW -- 3 100 0.939 3 0.6 0.015 6 0.9961 100000 0.01 0.01
1 845 W447 HLZ TW -- 3 100 0.939 3 0.6 0.015 6 0.9961 100000 0.01 0.01
1 846 W448 HLZ TW -- 3 100 0.939 3 0.6 0.015 6 0.9961 100000 0.01 0.01
1 847 W449 HLZ TW -- 3 100 0.939 3 0.6 0.015 6 0.9961 100000 0.01 0.01
1 848 W44A HLZ TW -- 3 100 0.939 3 0.6 0.015 6 0.9961 100000 0.01 0.01
1 849 W44B HLZ TW -- 3 100 0.939 3 0.6 0.015 6 0.9961 100000 0.01 0.01
1 850 W44C HLZ TW -- 3 100 0.939 3 0.6 0.015 6 0.9961 100000 0.01 0.01
1 851 W450 HLZ TW -- 3 100 0.939 3 0.6 0.015 6 0.9961 100000 0.01 0.01
1 852 W451 HLZ TW -- 3 100 0.939 3 0.6 0.015 6 0.9961 100000 0.01 0.01
1 853 W460 HLZ TW -- 3 100 0.939 3 0.6 0.015 6 0.9961 100000 0.01 0.01
1 854 W461 HLZ TW -- 3 100 0.939 3 0.6 0.015 6 0.9961 100000 0.01 0.01
1 855 W462 HLZ TW -- 3 100 0.939 3 0.6 0.015 6 0.9961 100000 0.01 0.01
1 856 W463 HLZ TW -- 3 100 0.939 3 0.6 0.015 6 0.9961 100000 0.01 0.01
1 857 W464 HLZ TW -- 3 100 0.939 3 0.6 0.015 6 0.9961 100000 0.01 0.01
1 858 W465 HLZ TW -- 3 100 0.939 3 0.6 0.015 6 0.9961 100000 0.01 0.01
1 859 W466 HLZ TW -- 3 100 0.939 3 0.6 0.015 6 0.9961 100000 0.01 0.01
1 860 W467 HLZ TW -- 3 100 0.939 3 0.6 0.015 6 0.9961 100000 0.01 0.01
1 861 W468 HLZ TW -- 3 100 0.939 3 0.6 0.015 6 0.9961 100000 0.01 0.01
1 862 W469 HLZ TW -- 3 100 0.939 3 0.6 0.015 6 0.9961 100000 0.01 0.01
1 863 W46A HLZ TW -- 3 100 0.939 3 0.6 0.015 6 0.9961 100000 0.01 0.01
1 864 W46B HLZ TW -- 3 100 0.939 3 0.6 0.015 6 0.9961 100000 0.01 0.01
1 865 W46C HLZ TW -- 3 100 0.939 3 0.6 0.015 6 0.9961 100000 0.01 0.01
1 866 W46D HLZ TW -- 3 100 0.939 3 0.6 0.015 6 0.9961 100000 0.01 0.01
1 867 W470 HLZ TW -- 3 100 0.939 3 0.6 0.015 6 0.9961 100000 0.01 0.01
1 868 W471 HLZ TW -- 3 100 0.939 3 0.6 0.015 6 0.9961 100000 0.01 0.01
1 869 W472 HLZ TW -- 3 100 0.939 3 0.6 0.015 6 0.9961 100000 0.01 0.01
1 870 W473 HLZ TW -- 3 100 0.939 3 0.6 0.015 6 0.9961 100000 0.01 0.01
1 871 W474 HLZ TW -- 3 100 0.939 3 0.6 0.015 6 0.9961 100000 0.01 0.01
1 872 W475 HLZ TW -- 3 100 0.939 3 0.6 0.015 6 0.9961 100000 0.01 0.01
1 873 W476 HLZ TW -- 3 100 0.939 3 0.6 0.015 6 0.9961 100000 0.01 0.01
1 874 W47A HLZ TW -- 3 100 0.939 3 0.6 0.015 6 0.9961 100000 0.01 0.01
1 875 W47B HLZ TW -- 3 100 0.939 3 0.6 0.015 6 0.9961 100000 0.01 0.01
1 876 W47C HLZ TW -- 3 100 0.939 3 0.6 0.015 6 0.9961 100000 0.01 0.01
1 877 W47D HLZ TW -- 3 100 0.939 3 0.6 0.015 6 0.9961 100000 0.01 0.01
1 878 W47E HLZ TW -- 3 100 0.939 3 0.6 0.015 6 0.9961 100000 0.01 0.01
1 879 W47F HLZ TW -- 3 100 0.939 3 0.6 0.015 6 0.9961 100000 0.01 0.01
1 880 W29E HLZ TW -- 3 100 0.939 3 0.6 0.015 6 0.9961 100000 0.01 0.01
1 881 W325 HLZ TW -- 3 100 0.939 3 0.6 0.015 6 0.9961 100000 0.01 0.01
1 882 W326 HLZ TW -- 3 100 0.939 3 0.6 0.015 6 0.9961 100000 0.01 0.01
1 883 W347 HLZ TW -- 3 100 0.939 3 0.6 0.015 6 0.9961 100000 0.01 0.01
1 884 W348 HLZ TW -- 3 100 0.939 3 0.6 0.015 6 0.9961 100000 0.01 0.01
1 885 W349 HLZ TW -- 3 100 0.939 3 0.6 0.015 6 0.9961 100000 0.01 0.01
1 886 W36B HLZ TW -- 3 100 0.939 3 0.6 0.015 6 0.9961 100000 0.01 0.01
1 887 W417 HLZ TW -- 3 100 0.939 3 0.6 0.015 6 0.9961 100000 0.01 0.01
1 888 W418 HLZ TW -- 3 100 0.939 3 0.6 0.015 6 0.9961 100000 0.01 0.01
1 889 W419 HLZ TW -- 3 100 0.939 3 0.6 0.015 6 0.9961 100000 0.01 0.01
1 890 W46E HLZ TW -- 3 100 0.939 3 0.6 0.015 6 0.9961 100000 0.01 0.01
1 891 W480 HLZ TW -- 3 100 0.939 3 0.6 0.015 6 0.9961 100000 0.01 0.01
1 892 W481 HLZ TW -- 3 100 0.939 3 0.6 0.015 6 0.9961 100000 0.01 0.01
1 893 W482 HLZ TW -- 3 100 0.939 3 0.6 0.015 6 0.9961 100000 0.01 0.01
1 894 W483 HLZ TW -- 3 100 0.939 3 0.6 0.015 6 0.9961 100000 0.01 0.01
1 895 W484 HLZ TW -- 3 100 0.939 3 0.6 0.015 6 0.9961 100000 0.01 0.01
1 896 W485 HLZ TW -- 3 100 0.939 3 0.6 0.015 6 0.9961 100000 0.01 0.01
1 897 W48A HLZ TW -- 3 100 0.939 3 0.6 0.015 6 0.9961 100000 0.01 0.01
1 898 W48B HLZ TW -- 3 100 0.939 3 0.6 0.015 6 0.9961 100000 0.01 0.01
1 899 W48C HLZ TW -- 3 100 0.939 3 0.6 0.015 6 0.9961 100000 0.01 0.01
1 900 W48D HLZ TW -- 3 100 0.939 3 0.6 0.015 6 0.9961 100000 0.01 0.01
1 901 W48E HLZ TW -- 3 100 0.939 3 0.6 0.015 6 0.9961 100000 0.01 0.01
1 902 W48F HLZ TW -- 3 100 0.939 3 0.6 0.015 6 0.9961 100000 0.01 0.01
1 903 W490 HLZ TW -- 3 100 0.939 3 0.6 0.015 6 0.9961 100000 0.01 0.01
1 904 W491 HLZ TW -- 3 100 0.939 3 0.6 0.015 6 0.9961 100000 0.01 0.01
1 905 W492 HLZ TW -- 3 100 0.939 3 0.6 0.015 6 0.9961 100000 0.01 0.01
1 906 W49A HLZ TW -- 3 100 0.939 3 0.6 0.015 6 0.9961 100000 0.01 0.01
1 907 W49B HLZ TW -- 3 100 0.939 3 0.6 0.015 6 0.9961 100000 0.01 0.01
